5.32,-9.37,-4.93,-2.86,-0.22,7.61,-6.04,-1.85,3.11,-7.94;2
-11.71,9.73,8.16,-7.02,-8.61,-6.47,-4.05,1.32,0.06,-4.26;1
-9.12,7.49,6.03,-7.25,-5.54,-3.63,-5.87,-2.28,-1.55,-4.15;1
0.79,-8.02,-4.86,-4.90,-2.11,4.00,-6.63,-0.82,-0.59,-6.04;2
2.10,-7.95,-7.86,8.37,7.48,4.83,-1.31,-7.47,3.85,-1.57;3
-6.15,-1.10,-9.55,10.24,-4.08,1.63,-5.29,-0.50,1.53,-5.77;4
-2.05,6.45,2.62,3.09,-6.62,-7.16,-8.81,7.84,1.21,2.99;0
-1.55,6.52,4.54,0.16,-7.86,-6.81,-10.13,6.75,3.53,3.30;0
-0.65,8.33,4.58,2.06,-5.61,-10.25,-9.75,7.64,3.82,3.42;0
-7.30,-1.81,-11.09,10.59,-3.22,3.24,-3.49,0.03,1.79,-7.32;4
-10.48,8.95,7.86,-6.63,-7.49,-6.66,-5.68,3.23,-2.21,-2.93;1
4.30,-7.00,-5.17,-1.68,0.46,6.67,-7.55,-0.44,1.84,-9.13;2
-7.17,-2.27,-10.76,6.97,-5.82,1.19,-3.46,-1.71,1.47,-2.95;4
-12.14,8.01,8.99,-6.16,-6.73,-6.78,-1.06,2.93,1.97,-4.41;1
0.50,-6.52,-7.75,7.25,10.97,5.60,-2.02,-8.85,2.14,-1.88;3
-8.60,1.44,-8.05,8.66,-5.83,3.02,-7.00,0.74,1.46,-6.10;4
-8.32,6.21,6.50,-6.66,-5.72,-5.63,-4.98,-0.57,-1.53,-5.52;1
-8.86,11.01,5.33,-5.23,-6.55,-5.06,-4.09,-0.08,-0.55,-2.86;1
-0.90,12.56,3.46,-0.10,-6.42,-5.80,-9.18,9.50,0.01,5.20;0
-10.31,8.48,7.39,-6.29,-6.57,-5.22,-6.78,2.47,-1.25,-4.79;1
-9.71,9.76,8.08,-4.96,-6.65,-6.63,-3.15,2.40,-1.17,-4.88;1
-10.80,9.51,7.68,-5.97,-4.61,-5.54,-7.18,-0.30,-2.20,-3.46;1
-8.94,-0.50,-9.43,5.69,-3.53,-0.90,0.31,2.65,0.54,-6.29;4
-11.84,8.23,8.68,-4.42,-6.46,-5.97,-4.36,2.53,-1.66,-3.83;1
-4.62,8.89,2.38,3.11,-6.76,-9.07,-9.30,6.20,2.50,6.17;0
-9.62,9.24,8.48,-7.37,-7.51,-4.78,-4.81,1.85,1.19,-4.78;1
2.00,-6.53,-8.10,7.80,10.00,5.62,-5.25,-7.19,5.92,-0.11;3
-1.97,9.86,6.26,3.55,-8.95,-8.29,-8.07,8.09,2.79,9.94;0
-4.84,9.12,3.05,2.68,-8.26,-4.56,-10.01,6.84,3.24,2.32;0
-4.91,9.71,7.68,-0.07,-6.60,-7.87,-8.20,7.35,1.06,4.89;0
-7.88,-1.60,-9.85,6.24,-2.67,2.21,-2.97,2.44,0.18,-5.50;4
-7.79,9.61,3.70,-7.43,-6.64,-5.87,-4.00,2.32,-4.29,-3.96;1
1.66,-6.23,-8.54,9.01,8.19,5.72,-3.90,-10.11,2.99,-0.62;3
-0.34,-6.86,-2.80,-3.01,1.28,4.65,-7.59,0.18,1.72,-7.92;2
3.14,-5.93,-4.90,-2.25,0.57,7.45,-6.09,-0.05,2.13,-10.80;2
-8.28,8.42,4.84,-7.32,-7.09,-6.86,-5.07,-1.45,-2.05,-3.90;1
0.96,6.21,5.67,-0.45,-7.59,-5.25,-8.74,5.71,0.95,5.18;0
-2.62,8.96,5.73,2.05,-5.78,-7.00,-8.72,4.33,3.40,4.68;0
3.75,-1.92,-6.02,-2.00,-1.94,4.90,-7.09,-1.40,1.79,-11.28;2
-10.39,7.05,7.17,-1.99,-9.12,-6.38,-2.95,0.68,-1.53,-6.12;1
-9.71,3.19,-11.08,8.52,-7.44,2.65,-3.13,-0.84,1.81,-6.71;4
-7.12,-0.39,-8.51,6.76,-6.09,3.34,-3.51,-2.34,1.62,-5.14;4
-8.77,-1.97,-9.74,10.54,-3.86,4.31,-2.43,1.03,1.12,-5.31;4
-11.27,8.81,6.92,-3.91,-5.46,-7.61,-0.19,0.89,0.55,-4.40;1
-6.49,0.37,-9.11,7.27,-5.57,3.36,-0.11,0.85,0.02,-7.55;4
-8.86,0.94,-9.62,7.61,-6.04,2.10,-3.29,-1.57,2.43,-7.10;4
1.36,-6.86,-5.86,-2.15,-2.22,7.30,-2.50,-1.01,2.65,-10.16;2
-5.95,1.57,-7.69,7.20,-5.08,3.61,-5.82,2.79,0.92,-5.88;4
2.40,-8.57,-2.72,-1.68,-2.42,6.28,-4.51,2.06,1.75,-9.61;2
-9.90,8.28,6.38,-8.08,-7.10,-6.76,-4.30,0.13,-1.45,-3.46;1
-6.23,2.50,-8.50,7.54,-2.84,3.20,-3.43,0.34,-3.49,-3.90;4
2.53,-5.69,-7.14,8.56,9.59,4.20,-3.70,-7.30,4.46,0.40;3
-1.06,10.87,4.77,2.27,-7.81,-7.35,-7.91,9.13,1.81,3.49;0
2.07,-5.61,-8.60,8.78,11.08,4.20,-3.10,-10.55,2.43,-3.02;3
-11.19,11.98,5.30,-5.42,-5.18,-7.19,-2.64,-1.35,0.82,-4.15;1
2.13,-7.49,-3.27,-2.52,-1.46,6.48,-6.99,-0.63,1.06,-7.04;2
-7.67,0.42,-11.47,9.01,-6.02,3.22,-3.82,-0.39,-0.60,-6.73;4
-8.67,9.63,5.77,-5.42,-5.29,-9.41,-2.18,-0.01,-0.72,-2.38;1
-7.46,5.67,8.56,-5.25,-8.17,-7.94,-1.40,-0.92,-3.09,-2.47;1
2.13,-10.99,-4.39,-1.08,-2.22,5.12,-6.27,-4.06,4.36,-10.42;2
-8.05,10.15,7.02,-5.64,-5.76,-6.03,-5.46,0.56,-2.97,-4.05;1
-3.29,10.59,3.58,-0.14,-9.21,-5.97,-10.76,9.96,-1.10,6.71;0
-10.04,5.49,6.11,-5.85,-7.88,-7.10,-1.62,1.49,-2.75,-6.57;1
1.97,-4.32,-9.03,8.93,9.57,7.22,-2.95,-8.76,2.89,-0.24;3
-9.17,9.84,4.11,-7.22,-2.23,-6.79,-2.82,-0.48,-4.50,-4.43;1
-1.45,10.20,4.77,4.09,-6.26,-8.17,-6.73,8.37,1.36,3.44;0
-8.10,11.46,5.37,-5.04,-5.41,-7.04,-5.07,2.91,-1.02,-3.22;1
4.35,-8.70,-11.00,9.38,11.04,3.81,-3.30,-7.18,0.60,0.00;3
2.65,-7.30,-3.34,-4.68,-1.99,5.53,-3.16,0.11,3.48,-9.01;2
2.16,-5.71,-8.34,9.70,8.66,6.52,-5.30,-6.11,2.73,0.50;3
-5.10,8.00,6.43,0.50,-7.58,-6.19,-7.66,6.95,1.13,6.30;0
1.29,-11.14,-6.38,-4.68,-0.68,5.21,-8.02,-0.14,2.61,-8.28;2
0.71,-9.49,-11.33,7.07,7.98,5.93,-5.43,-7.54,3.34,-1.18;3
3.68,-7.67,-6.75,0.26,-0.97,4.58,-5.38,2.04,1.81,-7.15;2
-7.67,-0.71,-11.15,4.47,-6.38,4.92,-4.37,0.15,1.92,-3.59;4
3.29,-6.41,-3.91,-4.75,-1.60,6.97,-7.58,-3.51,1.51,-9.28;2
2.51,-8.41,-10.11,8.16,8.89,7.74,-5.65,-8.58,5.11,-1.65;3
-2.55,10.24,6.73,2.81,-6.86,-8.85,-10.44,6.87,1.11,3.88;0
1.55,-6.50,-5.75,-1.14,-2.46,4.13,-7.37,1.42,0.92,-11.09;2
-7.53,7.77,8.53,-4.33,-7.71,-8.03,-3.39,-0.77,-1.21,-4.90;1
-10.39,9.94,5.55,-4.62,-5.34,-3.56,-4.18,1.50,-1.21,-2.23;1
-10.87,-0.49,-7.55,6.50,-3.77,1.83,-3.61,1.46,-0.06,-6.05;4
-3.18,10.30,4.96,0.10,-6.62,-6.30,-10.16,7.55,2.11,2.45;0
-10.47,9.89,8.53,-6.43,-7.40,-9.29,-3.76,3.56,-0.95,-4.21;1
-9.34,10.82,7.40,-7.07,-5.25,-7.29,-3.59,0.04,-1.69,-3.03;1
-7.10,-0.98,-9.02,7.97,-4.97,3.52,-5.74,0.46,1.18,-6.11;4
-2.35,9.89,7.60,-0.37,-4.45,-6.72,-10.19,5.33,1.74,5.54;0
0.26,-5.25,-4.57,-3.68,-2.76,4.87,-8.11,3.42,1.81,-9.16;2
5.16,-6.74,-9.15,7.94,9.21,4.06,-4.02,-5.80,2.77,-1.56;3
-11.32,6.87,3.96,-7.79,-7.43,-3.40,-4.70,0.76,-0.76,-3.98;1
-3.23,9.23,7.06,3.32,-7.28,-8.22,-12.07,6.24,1.71,2.68;0
1.90,-6.14,-6.26,-4.95,-0.20,7.21,-8.36,1.91,1.90,-7.43;2
-6.05,0.04,-10.31,6.09,-4.88,5.55,-4.23,1.58,2.20,-6.73;4
-8.43,-1.38,-12.03,6.64,-1.16,4.16,-0.89,1.65,-0.18,-6.88;4
0.16,-7.70,-7.91,8.99,10.73,6.44,-4.44,-4.82,3.54,0.55;3
0.26,10.70,4.24,0.31,-3.02,-6.79,-8.82,7.29,2.32,3.94;0
0.81,-7.72,-5.67,-2.60,-1.72,3.46,-4.12,-0.46,-0.05,-9.32;2
-4.35,9.76,3.94,1.81,-2.91,-9.13,-8.46,8.03,3.65,4.31;0
1.71,-7.32,-4.71,-1.46,0.80,6.13,-6.52,0.22,1.88,-10.27;2
-7.71,1.07,-10.20,7.55,-6.79,3.61,-3.28,2.17,2.12,-6.73;4
2.30,-9.34,-3.47,-4.06,-1.56,6.14,-7.17,0.20,-0.42,-8.12;2
3.87,-6.43,-9.96,10.03,9.61,2.39,-3.27,-7.46,3.71,0.14;3
4.81,-5.22,-7.74,9.51,8.32,5.87,-4.02,-7.22,5.95,0.48;3
1.33,-7.26,-5.93,-4.40,2.29,4.41,-6.49,-0.27,1.22,-8.14;2
-9.10,3.57,-7.91,7.90,-5.98,3.08,-4.28,3.33,-0.90,-6.10;4
-8.42,2.55,-7.09,7.48,-5.58,1.73,-4.71,-1.45,1.58,-8.49;4
2.34,-5.64,-9.45,6.17,8.64,6.78,-2.38,-9.80,5.23,-2.17;3
-8.66,11.86,7.22,-5.29,-8.64,-10.28,-3.33,0.35,-2.13,-3.81;1
4.60,-6.53,-6.40,-4.05,1.11,5.45,-5.89,1.42,2.89,-8.65;2
-9.55,-0.52,-13.10,7.74,-3.86,4.33,-3.65,1.74,4.75,-3.73;4
-2.06,9.71,4.94,2.44,-4.33,-5.27,-8.55,8.74,0.47,4.76;0
2.16,-6.32,-10.30,8.19,9.32,5.88,-2.00,-7.72,4.97,-1.18;3
-8.83,8.75,4.42,-6.07,-4.55,-8.62,-5.50,0.68,-2.84,-5.36;1
-1.37,-5.12,-3.15,-4.92,-3.10,8.21,-7.11,-0.97,-1.55,-9.60;2
-7.68,-1.01,-12.07,7.52,-6.53,3.60,-4.75,2.07,3.34,-5.28;4
4.30,-6.30,-7.71,6.73,11.10,8.12,-6.91,-9.10,4.43,-0.23;3
2.74,-8.70,-4.13,-4.87,-3.53,6.25,-6.58,0.59,1.82,-10.54;2
-9.96,10.34,6.72,-4.82,-5.31,-3.10,-4.39,-0.92,-0.99,-5.38;1
-8.61,-2.52,-10.98,8.30,-5.81,3.54,-4.60,-1.19,-0.83,-3.96;4
-5.63,-0.28,-11.06,7.94,-5.52,5.39,-2.01,0.56,-0.98,-8.14;4
-6.99,0.94,-9.10,10.59,-4.13,4.62,-3.57,1.41,-0.26,-6.99;4
-10.82,11.70,7.40,-7.85,-5.81,-9.48,-2.98,1.82,-2.25,-3.99;1
1.91,-8.62,-2.16,-1.28,-1.79,6.45,-5.20,1.25,-0.69,-7.56;2
-0.93,-5.20,-5.19,-0.93,0.72,3.77,-7.64,4.13,4.47,-9.12;2
-10.37,11.39,7.89,-5.52,-8.27,-6.01,-2.32,-0.07,0.67,-2.24;1
-5.61,0.33,-8.28,9.10,-2.70,0.33,-2.76,1.88,-1.07,-7.63;4
-8.33,8.84,2.29,-6.32,-7.92,-8.78,-5.77,0.66,0.63,-3.71;1
-3.52,8.80,3.45,1.51,-9.72,-6.56,-8.84,6.10,3.01,5.57;0
2.06,-6.71,-6.90,9.00,8.68,7.74,-3.73,-9.17,5.42,-0.91;3
3.28,-10.25,-5.49,-3.17,0.18,9.45,-6.35,-1.83,2.45,-7.09;2
-2.84,8.49,4.61,1.52,-5.68,-9.30,-10.42,5.72,3.45,6.73;0
-9.92,0.50,-8.77,9.93,-4.55,1.24,-5.20,-1.37,0.13,-6.58;4
5.01,-8.06,-5.87,7.53,9.67,4.26,-3.89,-7.47,3.45,-0.13;3
-10.05,10.97,6.15,-7.76,-5.25,-6.64,-3.87,2.91,-1.39,-3.74;1
0.61,-6.25,-11.28,10.55,9.38,5.39,-5.16,-8.40,4.72,-0.38;3
3.89,-5.05,-3.83,-3.94,-4.53,6.73,-7.23,0.55,-0.03,-9.47;2
-7.98,-0.65,-9.43,9.44,-4.32,4.00,-3.02,1.73,1.37,-5.76;4
-0.90,7.47,4.84,0.92,-5.09,-9.16,-9.68,7.89,4.37,4.06;0
1.02,-4.31,-8.50,10.30,12.39,5.13,-4.06,-8.46,0.75,-1.66;3
-6.34,11.18,6.97,-4.21,-4.70,-7.18,-5.14,0.61,-0.07,-3.97;1
2.65,-5.74,-9.02,9.79,8.81,6.17,-4.32,-8.73,2.65,-0.50;3
0.83,-8.75,-7.98,11.05,11.21,7.23,-2.95,-5.50,4.18,-0.23;3
-8.29,7.62,7.53,-4.82,-9.23,-6.19,-4.62,-0.64,0.67,-5.16;1
-7.26,0.07,-8.96,8.29,-6.73,1.27,-7.09,1.63,2.18,-5.04;4
-5.39,8.97,4.73,5.67,-7.17,-6.43,-8.89,5.57,3.74,5.29;0
1.69,-6.10,-4.30,-4.30,-1.48,5.83,-4.64,0.01,0.03,-8.99;2
-11.39,10.73,7.08,-5.97,-5.52,-3.88,-4.25,0.60,-1.07,-0.59;1
-8.70,8.56,6.03,-7.14,-6.41,-7.60,-3.06,-2.18,-1.90,-3.72;1
-3.42,11.59,7.63,0.82,-7.70,-5.59,-9.42,7.26,2.06,1.28;0
4.18,-8.33,-2.18,-2.36,-1.12,9.45,-7.59,-0.25,-0.00,-7.64;2
2.48,-5.14,-9.78,10.17,10.29,6.60,-1.93,-8.85,3.40,-1.05;3
0.64,-7.29,-1.29,-0.93,1.15,5.74,-5.53,1.79,4.19,-12.00;2
-3.51,10.50,4.38,0.84,-6.07,-8.23,-8.80,7.31,3.65,4.87;0
-8.68,9.85,7.61,-4.17,-5.81,-6.11,-5.24,-0.57,0.42,-2.02;1
-11.36,9.07,7.56,-8.09,-6.06,-6.18,-3.85,2.05,-0.86,-1.96;1
1.56,-8.34,-3.82,-5.59,-2.56,8.01,-7.40,2.15,2.38,-11.78;2
-1.12,11.88,2.54,2.82,-7.86,-7.61,-9.73,6.03,2.10,2.92;0
0.44,9.07,3.59,2.29,-7.05,-7.21,-7.92,8.46,1.23,3.30;0
-7.15,-1.00,-7.71,7.87,-6.01,3.59,-0.82,0.90,0.39,-8.59;4
3.14,-6.24,-7.21,9.84,8.87,5.47,-3.44,-7.19,5.78,0.59;3
-6.39,-0.19,-10.62,6.81,-7.04,2.49,-2.11,0.67,0.14,-5.10;4
-7.82,8.46,6.72,-5.68,-7.12,-8.39,-3.43,0.40,-0.61,-4.98;1
-2.70,11.28,2.46,1.96,-8.76,-6.33,-7.51,6.69,-1.88,4.46;0
-3.60,-4.73,-9.51,7.78,8.71,5.50,-2.99,-10.39,2.07,-0.68;3
-6.09,-0.74,-11.31,7.03,-5.35,4.74,-3.83,0.12,-0.94,-5.12;4
-2.84,10.66,5.88,3.19,-4.92,-6.85,-7.82,6.86,2.51,3.97;0
-5.54,2.21,-11.73,8.68,-5.99,2.88,-3.30,0.08,1.28,-5.29;4
1.03,-9.83,-8.01,7.32,10.80,5.60,-3.00,-5.94,1.87,-2.05;3
2.41,-6.93,-2.78,-1.14,-1.77,4.78,-7.57,1.33,4.02,-9.54;2
-2.92,5.56,2.37,4.02,-4.41,-7.25,-7.97,7.79,6.64,5.84;0
3.13,-6.20,-10.68,8.32,10.63,6.70,-3.05,-7.47,6.12,-0.84;3
5.31,-9.65,-4.99,-2.62,0.83,6.30,-5.54,-1.41,0.11,-8.59;2
-2.58,10.03,2.96,2.55,-6.63,-6.14,-8.40,11.01,1.07,3.36;0
2.41,-8.40,-5.54,-3.35,-0.77,7.49,-8.02,-0.20,2.06,-11.82;2
4.05,-8.05,-8.87,8.14,7.83,7.28,-3.10,-6.23,1.01,0.40;3
1.81,-6.84,-4.56,-4.99,1.51,5.86,-3.86,-0.11,0.53,-8.67;2
4.10,-5.37,-4.66,-5.36,-1.73,4.80,-6.99,-0.76,0.87,-9.65;2
-7.43,0.61,-9.36,8.97,-5.33,3.65,-6.03,-0.63,-0.08,-6.86;4
2.36,-6.23,-7.37,11.65,7.27,6.09,-4.32,-7.40,4.01,-1.73;3
-2.02,9.46,5.57,0.26,-5.32,-6.99,-7.83,5.72,-0.31,5.39;0
4.88,-3.02,-4.02,-1.49,-3.55,7.96,-4.84,-0.44,3.70,-9.45;2
-11.07,0.35,-9.92,8.99,-3.41,3.54,-1.27,0.13,1.87,-5.10;4
-12.02,-1.99,-10.43,8.62,-4.39,3.00,-2.81,-1.14,1.85,-5.59;4
3.58,-8.39,-10.04,7.32,7.08,6.39,-2.17,-8.32,1.43,0.06;3
-2.66,8.71,3.32,0.73,-7.22,-6.33,-7.47,6.12,4.26,3.75;0
-8.13,-0.59,-10.40,9.34,-6.21,4.53,-3.45,0.33,-0.05,-8.34;4
-8.53,-0.59,-12.87,7.89,-3.44,4.10,-4.51,0.47,0.10,-6.08;4
4.54,-6.31,-5.22,-2.50,-0.52,4.29,-6.58,-0.02,4.26,-12.19;2
3.91,-6.86,-3.41,-3.19,-0.59,6.51,-6.87,0.17,1.76,-7.83;2
-2.01,10.26,1.65,2.53,-5.04,-8.69,-6.33,7.95,0.96,4.08;0
-2.03,9.65,7.06,2.65,-7.25,-5.43,-7.05,5.48,2.92,5.21;0
3.74,-6.47,-11.35,8.53,10.01,5.67,-4.32,-9.88,4.53,-2.17;3
-4.29,9.48,5.59,2.59,-7.16,-7.07,-8.77,7.10,3.47,7.48;0
-3.01,11.52,4.25,-0.28,-7.25,-7.29,-12.88,7.24,1.68,5.21;0
-0.53,8.84,1.46,1.06,-4.93,-6.91,-10.34,6.57,3.28,4.98;0
-2.25,13.49,5.19,1.50,-5.50,-6.16,-8.21,8.23,5.11,2.47;0
-0.61,-7.40,-6.23,-1.32,0.30,4.36,-7.16,-0.41,-1.53,-8.57;2
-8.45,0.70,-8.49,9.92,-3.38,3.99,-5.46,4.07,-1.17,-4.88;4
-0.68,-7.22,-6.54,-3.67,-2.23,6.92,-5.83,-1.64,3.17,-11.22;2
-5.56,-0.98,-10.60,8.33,-5.16,4.22,-4.45,2.98,-1.00,-4.42;4
1.31,-7.64,-8.12,10.66,9.11,6.48,-3.74,-8.04,2.05,0.47;3
-9.29,8.04,4.33,-5.37,-4.71,-5.62,-3.92,-0.39,-3.00,-2.92;1
-7.30,9.28,5.14,-8.88,-8.57,-8.39,-1.85,0.67,-0.78,-7.51;1
-6.99,-0.37,-6.57,8.93,-6.28,3.62,-2.64,-0.48,2.57,-5.73;4
3.82,-7.06,-4.50,-2.07,2.55,3.06,-4.83,-1.08,1.82,-9.44;2
-8.09,8.70,7.61,-6.04,-5.88,-8.05,-3.79,-3.99,-1.64,-6.62;1
-8.82,10.63,7.14,-6.55,-5.10,-8.37,-5.27,-0.95,0.26,-2.76;1
-11.74,7.42,7.07,-8.95,-4.84,-6.57,0.95,3.96,-1.63,-4.33;1
-1.08,-7.15,-7.23,8.40,11.92,6.81,-3.40,-8.24,3.58,-1.59;3
0.97,-5.55,-9.12,10.76,10.85,6.48,-4.42,-6.61,4.66,-2.22;3
-7.55,-0.88,-10.74,7.36,-5.98,4.23,-5.37,2.40,2.06,-6.27;4
1.78,-5.92,-7.82,8.99,10.13,4.95,-1.57,-6.56,1.67,-2.81;3
-9.26,8.73,6.35,-5.20,-4.80,-9.26,-4.47,0.82,-2.74,-1.58;1
-8.09,8.65,5.48,-6.89,-9.02,-5.62,-6.66,-1.35,-4.47,-4.30;1
1.59,-5.76,-2.21,-1.23,-3.57,7.33,-8.76,1.63,1.30,-8.02;2
-0.03,-7.98,-6.88,9.78,8.39,7.97,-2.10,-7.64,2.33,-1.82;3
-7.84,1.15,-9.65,8.53,-3.10,4.44,-2.59,-1.32,1.72,-7.62;4
3.90,-10.62,-4.46,2.00,-0.90,4.02,-6.09,0.21,2.09,-8.08;2
3.57,-7.52,-4.59,-2.01,0.35,6.61,-4.45,-1.24,1.51,-10.48;2
-8.64,8.35,9.17,-8.62,-4.40,-6.67,-2.63,0.61,0.35,-4.76;1
-11.67,7.00,4.82,-5.51,-7.70,-5.56,-3.86,-2.46,-0.38,-2.96;1
3.61,-8.53,-10.48,9.85,9.22,5.49,-2.38,-7.77,3.76,-0.03;3
-4.56,-0.03,-7.60,8.63,-3.95,0.74,-3.21,-0.70,-0.34,-3.69;4
1.46,-5.72,-8.37,8.73,9.29,4.70,-6.15,-6.96,4.73,1.18;3
-10.03,11.37,7.13,-5.46,-8.27,-5.90,-5.16,-0.46,-2.58,-5.77;1
1.60,-6.32,-8.67,7.50,10.25,6.09,-5.39,-4.69,4.40,-1.43;3
-2.99,11.71,4.98,2.72,-5.88,-6.25,-7.58,6.40,1.18,2.51;0
-5.80,-2.91,-9.80,8.12,-4.80,3.52,-2.85,0.35,0.38,-6.91;4
3.04,-8.42,-4.48,-0.36,0.61,7.06,-6.76,1.10,1.50,-9.37;2
-1.45,8.17,5.59,3.43,-5.95,-9.24,-9.93,6.95,1.91,5.09;0
-1.66,7.48,4.60,1.71,-6.54,-7.43,-9.04,8.56,1.37,1.75;0
-5.92,1.47,-10.72,10.58,-7.01,2.31,-3.05,-0.88,1.33,-5.94;4
1.68,-4.53,-7.49,4.56,7.81,7.58,-3.68,-9.58,2.73,-4.06;3
-10.27,11.99,5.32,-4.60,-5.83,-4.44,-4.92,-0.60,0.28,-3.54;1
-1.79,9.84,5.46,1.59,-7.07,-6.39,-8.71,3.99,1.68,2.88;0
3.83,-4.24,-8.80,10.77,8.80,7.52,-3.60,-7.38,4.32,-3.60;3
-1.74,8.62,5.75,2.90,-8.28,-5.25,-9.64,8.54,2.57,6.92;0
1.07,-5.97,-8.08,10.80,9.10,6.78,-3.88,-9.53,0.30,-0.55;3
1.34,-4.69,-8.31,7.80,8.61,7.85,-1.51,-5.75,4.82,-1.58;3
-3.45,9.61,5.38,2.36,-7.71,-7.89,-8.88,9.08,2.84,3.61;0
-7.34,12.18,6.49,-7.61,-3.22,-3.94,-2.90,-0.72,-1.43,-4.42;1
-4.26,6.31,5.45,3.11,-7.74,-10.77,-9.66,7.91,-0.20,4.44;0
0.76,-7.35,-8.81,11.81,9.67,4.91,-3.58,-8.57,4.17,-0.33;3
-7.80,1.42,-9.58,11.70,-4.62,4.84,-2.56,0.35,0.05,-5.80;4
-7.09,0.72,-10.60,8.08,-5.06,2.42,-0.31,-0.74,2.44,-6.89;4
-9.14,9.66,3.88,-7.09,-6.46,-5.53,-7.21,0.25,-1.15,-2.90;1
-6.86,0.13,-7.46,8.84,-5.67,-0.24,-4.12,1.94,0.35,-6.26;4
0.58,11.65,4.27,3.43,-5.91,-4.83,-10.29,8.35,3.61,1.52;0
-6.79,-1.62,-10.45,6.72,-5.03,5.01,-3.77,-0.26,-1.35,-5.47;4
-9.17,8.63,5.38,-6.63,-7.08,-5.79,-0.39,-0.58,-1.99,-4.27;1
0.74,-4.78,-1.17,-2.08,1.51,4.85,-7.20,0.35,2.50,-9.66;2
-8.48,1.08,-10.28,9.46,-4.80,2.47,-2.84,-0.69,1.89,-5.98;4
-11.44,11.28,7.75,-4.95,-5.29,-2.74,-0.64,-0.53,1.07,-3.60;1
-1.72,8.15,4.60,5.19,-4.29,-6.23,-8.78,7.50,2.94,2.63;0
-1.27,7.71,3.65,1.52,-8.90,-8.11,-9.55,8.64,2.42,4.45;0
-9.88,2.16,-7.52,7.76,-4.36,3.23,-0.81,-0.79,1.15,-6.95;4
-2.31,8.79,5.70,3.41,-8.06,-8.88,-11.59,8.09,0.37,0.93;0
2.45,-5.90,-6.03,-4.97,1.49,4.79,-4.30,0.05,1.61,-8.41;2
-8.39,-0.96,-9.38,6.14,-4.35,5.30,-3.34,1.61,2.58,-4.45;4
4.21,-6.14,-5.70,-1.76,1.32,5.66,-2.11,-2.30,2.89,-7.32;2
1.80,-6.29,-9.44,7.45,6.70,4.58,-4.39,-7.73,5.20,-1.87;3
-6.88,10.16,5.06,-6.14,-5.90,-3.23,-6.01,2.30,-1.09,-2.92;1
2.08,-8.47,-3.03,-1.69,0.58,5.68,-6.91,-2.05,3.08,-8.44;2
-10.88,9.35,6.68,-5.04,-8.41,-5.44,-7.97,-0.45,-2.09,-3.23;1
1.19,-6.97,-4.00,-2.45,-3.00,6.91,-5.65,1.38,-0.99,-8.60;2
-7.81,12.17,7.91,-4.01,-7.23,-8.07,-2.64,1.12,-1.20,-3.59;1
4.33,-7.31,-9.78,9.19,10.56,7.37,-6.04,-5.18,2.72,-1.59;3
-10.82,7.57,5.79,-5.94,-7.96,-6.35,-6.45,-1.18,-0.35,-3.27;1
-7.31,-1.16,-6.70,12.45,-5.24,3.78,-3.62,0.01,-0.31,-7.93;4
-1.65,10.47,4.14,1.05,-8.51,-8.12,-4.41,9.19,-0.00,2.18;0
-10.20,10.47,10.07,-6.68,-8.67,-9.15,-2.85,-2.33,-1.92,-3.52;1
-8.41,0.67,-8.88,8.25,-3.43,2.26,-4.63,0.38,-0.03,-5.54;4
-4.28,5.96,4.24,3.05,-4.63,-6.77,-6.40,5.25,-0.53,4.08;0
-5.25,-0.89,-9.96,9.41,-7.26,1.43,-2.12,-1.36,-1.79,-3.50;4
0.78,-6.60,-4.42,-1.71,-0.97,3.53,-5.89,1.86,1.80,-7.91;2
-5.11,0.57,-10.57,6.22,-5.41,4.38,-1.03,1.03,2.69,-6.67;4
-1.85,10.18,5.33,4.48,-6.89,-5.88,-10.48,6.74,3.07,5.44;0
-10.50,9.19,8.09,-5.44,-5.90,-7.98,-5.24,3.19,-2.46,-1.69;1
-11.37,10.98,5.77,-7.16,-6.63,-7.70,-4.54,1.01,-0.84,-5.52;1
-11.24,11.53,6.48,-5.42,-4.51,-7.88,-3.02,-0.39,-1.56,-4.07;1
-8.17,2.68,-11.06,8.34,-4.45,1.64,-2.74,-0.20,-2.80,-5.31;4
-6.77,0.04,-10.06,6.76,-4.28,1.49,-5.26,2.13,3.79,-5.71;4
-6.84,0.14,-8.28,5.82,-6.16,5.63,-7.46,0.19,2.69,-6.44;4
5.07,-7.46,-3.11,-3.93,-0.42,3.75,-5.33,-0.25,1.89,-8.02;2
4.68,-7.56,-9.42,9.75,11.75,5.39,-5.91,-7.10,4.88,-1.19;3
-3.97,6.94,3.70,3.27,-5.45,-6.11,-7.75,8.10,1.06,4.81;0
-8.17,0.10,-9.84,8.23,-5.85,4.91,-1.63,0.20,-1.15,-7.09;4
2.69,-7.35,-8.43,10.32,7.47,5.15,-3.63,-4.44,2.39,1.86;3
-5.65,-3.93,-9.92,3.70,-6.07,2.51,-1.69,1.00,-0.32,-4.70;4
4.17,-3.33,-5.96,-1.62,-1.49,6.88,-8.21,-1.61,0.68,-8.95;2
0.68,-4.68,-3.79,-1.58,-1.82,7.63,-6.39,0.70,0.45,-10.57;2
4.56,-5.89,-5.30,-3.13,-0.66,4.65,-3.47,0.50,-2.21,-8.56;2
-9.95,9.47,5.29,-3.99,-5.37,-3.42,-5.23,-0.07,-1.01,-3.21;1
2.19,-7.16,-7.48,-4.43,-2.52,6.94,-4.70,0.77,3.08,-9.32;2
-9.89,2.16,-6.95,8.21,-2.84,2.42,-6.57,-0.74,3.53,-8.54;4
-0.49,-6.97,-10.16,9.10,11.46,3.56,-5.11,-8.88,3.11,-0.09;3
2.71,-7.75,-3.06,-4.07,-0.81,6.73,-9.10,3.47,1.42,-12.11;2
3.39,-7.83,-3.47,-4.96,0.32,4.87,-5.99,0.15,-0.06,-10.80;2
-6.72,-0.36,-7.90,8.86,-5.73,5.25,-5.80,0.26,2.38,-7.39;4
-8.61,6.95,7.37,-7.34,-5.13,-7.78,-2.88,2.15,-0.07,-3.80;1
-8.79,10.66,8.48,-4.17,-5.06,-6.80,-4.77,0.99,0.04,-4.51;1
2.59,-6.17,-8.26,9.15,10.62,6.20,-5.37,-8.97,0.72,1.84;3
-10.60,8.79,9.64,-7.00,-7.19,-6.55,-2.65,0.81,-3.30,-4.97;1
-12.26,6.05,6.99,-6.60,-7.19,-5.29,-2.15,0.09,-1.87,-3.43;1
-8.30,8.16,3.62,-5.54,-5.17,-6.51,-4.60,0.26,-1.92,-6.20;1
-8.46,0.76,-11.81,9.67,-6.14,1.77,-3.94,1.05,1.18,-7.42;4
-7.19,10.50,6.66,-6.11,-6.25,-7.10,-7.07,3.56,-1.13,-3.58;1
0.58,-5.32,-8.85,8.24,9.38,10.12,-2.18,-6.30,4.34,-0.95;3
1.09,-7.86,-7.71,7.89,9.40,6.35,-3.44,-6.76,1.79,-4.06;3
-1.30,7.55,5.35,2.73,-5.29,-2.74,-8.25,6.56,1.98,1.51;0
-5.68,-0.23,-7.55,9.89,-4.18,4.01,-3.13,-2.62,1.11,-7.98;4
-4.43,10.32,5.62,1.82,-4.11,-8.49,-11.13,6.29,1.95,4.53;0
-10.82,8.32,9.72,-5.75,-5.19,-7.52,-5.08,2.12,-3.39,-4.80;1
-1.90,8.98,3.28,2.46,-8.65,-5.10,-9.54,7.63,2.45,3.77;0
-9.10,11.32,8.59,-4.94,-5.09,-5.56,-4.61,1.63,-3.45,-2.59;1
-4.89,6.19,7.45,2.56,-8.18,-6.08,-12.79,7.33,2.51,5.55;0
-1.40,9.27,4.47,1.52,-9.10,-7.96,-9.53,8.91,2.54,1.52;0
-1.43,7.32,3.85,2.71,-8.71,-5.81,-9.20,6.76,3.09,4.83;0
0.75,-6.47,-6.60,9.65,9.36,5.93,-3.41,-6.92,4.60,-1.69;3
-7.89,0.26,-9.89,5.69,-6.10,5.43,-1.61,-0.93,1.94,-8.07;4
1.99,-4.18,-8.91,9.43,11.38,5.56,-0.85,-5.06,3.49,-2.06;3
2.75,-5.34,-5.33,-3.65,-1.34,2.55,-5.80,-2.54,1.93,-7.77;2
-10.50,10.08,5.96,-6.80,-8.10,-8.96,-4.50,0.73,-1.51,-4.80;1
1.12,-8.20,-3.03,-3.59,-2.16,4.79,-4.33,0.30,1.58,-9.24;2
-1.31,10.15,6.42,3.04,-6.35,-5.27,-8.88,6.00,1.78,3.04;0
3.66,-7.67,-6.01,-0.76,-1.02,8.30,-9.37,0.58,4.73,-9.60;2
-4.92,7.87,3.49,0.56,-5.64,-7.17,-9.24,4.32,2.98,2.30;0
-10.33,8.65,8.37,-5.31,-4.46,-5.90,-5.65,-1.50,-3.69,-3.18;1
2.34,-6.91,-9.09,9.16,8.07,6.35,-3.23,-7.73,4.37,-0.55;3
-2.78,11.08,3.67,0.77,-7.60,-8.31,-8.65,9.76,2.51,3.78;0
1.62,-5.68,-4.73,0.45,-0.23,3.79,-6.20,-0.69,-1.44,-6.67;2
-8.98,10.22,7.32,-6.99,-6.14,-5.79,-3.90,-2.63,-1.12,-0.86;1
-10.45,10.20,8.20,-6.36,-5.00,-6.15,-4.10,0.18,-0.24,-3.69;1
0.56,-8.34,-4.11,-5.26,-0.85,8.24,-5.78,-0.15,0.92,-7.72;2
2.21,-5.25,-7.81,8.74,10.46,6.77,-4.55,-8.23,3.46,-0.44;3
-0.35,6.86,6.38,1.99,-8.35,-6.19,-8.54,6.42,2.13,3.58;0
-9.22,7.76,5.17,-7.21,-6.20,-7.27,-3.17,-3.79,-2.65,-5.86;1
-1.26,7.32,5.43,4.14,-10.59,-8.08,-7.97,7.02,2.58,3.26;0
-8.03,1.89,-9.56,6.73,-1.56,0.51,-4.87,-0.54,4.70,-3.59;4
-13.18,10.67,6.64,-3.99,-8.42,-5.55,-1.11,1.12,-0.95,-4.16;1
1.31,-5.10,-7.91,7.83,9.39,4.14,-2.88,-8.44,3.03,-1.25;3
-1.53,7.31,4.34,1.96,-5.98,-5.88,-9.94,7.45,2.71,6.35;0
-6.45,7.13,8.39,-4.29,-7.53,-6.03,-4.60,0.77,0.90,-3.27;1
-8.84,6.86,6.39,-6.97,-5.12,-4.73,-7.03,0.46,0.32,-4.46;1
-11.38,9.83,5.38,-4.92,-6.41,-8.72,-3.28,-0.37,-0.04,-4.17;1
4.47,-5.68,-6.66,9.07,10.46,8.38,-3.54,-8.43,1.13,-1.32;3
3.36,-10.23,-3.66,-3.11,-2.14,4.59,-6.33,-5.12,0.80,-10.38;2
-10.30,8.16,5.62,-7.78,-6.48,-8.86,-3.63,0.44,-1.14,-4.96;1
-5.58,-4.46,-11.15,6.81,-6.05,3.75,-3.33,0.99,1.83,-7.73;4
3.96,-6.63,-6.24,10.34,8.25,9.48,-3.42,-9.30,6.16,1.92;3
4.55,-6.84,-4.76,-2.67,-0.70,3.20,-1.94,1.06,2.16,-8.15;2
-8.18,0.96,-8.96,8.27,-2.49,4.24,-4.80,0.27,0.82,-6.18;4
2.61,-6.61,-0.42,-3.09,-1.36,5.88,-4.40,-1.98,-1.10,-9.95;2
-8.52,-3.14,-8.71,8.56,-4.77,2.29,-3.82,-0.37,0.48,-5.04;4
-1.33,9.65,3.19,1.90,-6.89,-8.62,-6.58,8.64,1.69,4.20;0
3.66,-7.13,-3.52,-3.37,-1.43,6.13,-7.75,-0.25,0.56,-10.41;2
2.07,-6.17,-9.22,9.32,8.42,8.08,-4.08,-8.62,2.30,-0.79;3
5.15,-7.05,-8.16,9.79,7.81,4.89,-5.72,-9.38,-0.59,-0.38;3
-5.17,-1.62,-9.65,8.33,-6.26,0.62,-4.08,-0.08,0.35,-5.97;4
-11.65,9.93,3.68,-5.68,-3.52,-7.75,-5.17,1.64,-3.68,-5.12;1
2.29,-9.00,-2.77,-2.81,-1.14,6.69,-4.56,0.25,0.69,-11.73;2
4.92,-8.55,-8.29,11.33,10.21,6.43,-5.36,-10.12,4.84,1.06;3
1.91,-7.40,-4.00,-3.12,0.07,5.12,-8.91,0.06,-1.70,-8.54;2
-11.37,9.32,5.08,-5.04,-5.93,-4.90,-5.10,0.55,-3.41,-3.12;1
-5.57,-1.55,-12.23,11.73,-1.42,3.53,-5.67,1.85,0.77,-6.47;4
3.42,-8.05,-8.41,-0.63,0.26,3.09,-6.92,2.64,4.02,-7.66;2
4.13,-6.29,-4.03,-3.33,-1.67,4.09,-6.65,-2.90,0.74,-9.54;2
1.47,-6.79,-8.26,6.16,6.96,5.21,-3.60,-8.41,5.90,-3.42;3
-2.95,6.67,5.96,1.86,-7.15,-2.09,-8.39,6.20,1.38,5.88;0
4.68,-6.00,-10.33,8.79,7.63,7.13,-5.93,-8.50,2.18,-1.01;3
-7.80,-1.17,-10.27,6.57,-4.25,4.11,-4.92,2.68,0.46,-4.01;4
-4.05,6.99,2.36,3.64,-7.82,-4.58,-9.64,4.76,0.35,6.02;0
5.08,-8.54,-5.32,-3.98,0.21,6.38,-6.24,-1.09,1.99,-11.42;2
1.85,-7.49,-2.48,-0.76,-1.14,7.35,-5.47,0.38,3.21,-8.96;2
-1.59,-4.76,-7.06,8.44,10.39,4.88,-4.61,-5.80,3.28,-4.00;3
-8.73,8.34,4.34,-5.97,-7.03,-6.16,-4.46,-2.52,-1.94,-4.63;1
-1.99,8.28,3.63,2.02,-8.51,-8.51,-7.82,5.60,3.02,4.86;0
1.72,-5.94,-8.87,8.89,8.75,8.19,-5.01,-9.16,6.87,0.27;3
-5.94,-1.59,-11.19,11.08,-5.81,1.28,-6.38,2.01,0.42,-6.68;4
2.90,-7.36,-6.86,-2.18,-0.33,4.68,-7.93,2.50,2.59,-9.41;2
-6.51,0.09,-10.95,6.03,-4.66,2.44,-2.39,1.52,0.66,-8.04;4
-4.36,-0.60,-9.77,7.67,-5.79,2.16,-4.55,-1.65,-0.24,-3.38;4
-7.80,-0.52,-9.73,7.26,-5.34,4.52,-6.64,3.07,1.66,-6.37;4
-1.93,12.75,4.63,3.23,-6.76,-7.03,-7.46,6.89,2.42,4.64;0
-11.16,10.53,8.70,-4.71,-5.94,-7.81,-5.19,2.37,-0.19,-4.23;1
-2.79,8.35,6.81,2.27,-5.33,-9.11,-8.44,8.66,2.15,5.76;0
4.12,-6.97,-3.19,-2.55,-3.51,4.41,-5.00,0.53,3.62,-8.47;2
-2.32,7.99,5.90,0.99,-7.55,-9.71,-9.52,3.69,-0.35,5.30;0
2.59,-6.39,-9.34,6.49,10.02,8.08,-3.49,-9.32,3.75,-3.25;3
-2.20,6.74,6.96,4.67,-7.80,-7.46,-8.41,7.83,3.01,7.18;0
3.09,-5.63,-9.88,7.51,8.55,6.53,-1.68,-11.12,3.35,-3.20;3
-8.34,-2.27,-9.92,6.77,-4.15,1.48,-3.88,1.66,0.78,-7.72;4
-0.41,10.40,4.73,1.00,-5.83,-6.29,-7.50,8.28,3.60,3.36;0
-9.83,9.12,5.38,-5.77,-6.46,-5.97,-3.79,1.69,0.02,-5.75;1
-13.32,8.41,7.33,-7.23,-6.28,-5.66,-4.43,0.75,-2.81,-4.49;1
3.71,-7.02,-4.87,-4.63,-2.22,3.24,-5.99,-1.51,1.45,-7.02;2
-2.74,8.19,4.88,2.73,-5.20,-4.71,-9.38,5.33,1.40,4.55;0
4.02,-6.21,-4.20,-0.63,0.12,4.47,-7.57,1.51,2.44,-8.82;2
-7.43,-0.60,-9.81,8.31,-4.76,4.39,-3.95,-0.12,0.66,-7.37;4
-0.08,-8.28,-8.12,7.22,10.98,6.06,-3.78,-8.46,4.84,-0.02;3
-0.64,5.90,4.13,1.42,-8.99,-8.05,-10.50,9.95,3.43,6.07;0
-3.05,8.04,5.76,1.70,-7.85,-4.90,-6.71,6.42,-0.78,5.67;0
-6.14,-0.22,-8.88,7.73,-3.48,2.34,-3.97,1.58,2.69,-7.09;4
-7.54,0.69,-11.73,6.81,-5.05,1.92,-4.99,-0.12,1.91,-6.82;4
0.46,-6.44,-11.23,10.22,10.62,6.66,-5.59,-5.98,6.74,-0.98;3
1.85,-6.86,-10.86,10.40,10.74,7.35,-4.85,-9.11,1.74,-1.07;3
-8.49,9.92,7.16,-6.16,-8.19,-8.01,-2.85,0.52,-1.57,-4.81;1
1.46,-4.98,-10.36,9.46,6.99,6.47,-3.62,-5.53,1.34,-2.10;3
3.10,-9.47,-3.88,-1.99,1.68,4.55,-7.92,-1.06,-0.16,-7.07;2
2.44,-6.12,-3.20,-2.28,0.91,3.43,-5.25,1.22,-0.01,-11.33;2
-2.05,8.43,5.04,1.46,-5.95,-7.43,-8.27,7.28,3.71,4.08;0
-6.81,9.73,6.13,-8.17,-6.76,-6.84,-2.47,1.19,-3.13,-3.92;1
0.54,-7.77,-7.67,8.63,11.70,6.92,-4.64,-8.06,3.78,-2.29;3
3.41,-9.88,-3.08,-3.02,0.18,6.87,-3.59,2.31,3.87,-6.91;2
-7.59,-0.27,-9.48,8.01,-3.51,4.16,-3.14,-4.15,1.38,-8.79;4
-9.68,8.30,6.37,-8.15,-2.95,-8.18,-5.46,-0.17,0.57,-4.15;1
-11.15,12.32,3.92,-6.65,-5.81,-5.46,-4.07,0.41,-0.75,-4.52;1
-7.22,-0.21,-7.37,8.79,-6.08,2.23,-2.74,1.96,1.76,-3.46;4
2.27,-6.73,-2.94,-3.76,-0.80,5.89,-7.44,3.76,-0.26,-11.02;2
-5.48,10.14,3.03,2.33,-3.77,-8.26,-12.63,6.89,3.67,7.10;0
-7.23,-0.04,-10.40,4.92,-6.31,2.43,-4.14,-1.29,0.20,-8.00;4
2.07,-6.99,-5.30,-2.36,1.42,4.54,-4.25,2.53,0.62,-11.25;2
-9.05,-0.19,-11.67,8.74,-6.50,2.83,-4.32,0.82,0.11,-7.20;4
-2.67,8.76,4.74,3.72,-8.27,-6.52,-7.38,8.08,2.31,5.66;0
-2.04,11.23,5.93,1.73,-6.91,-8.38,-8.87,6.89,2.51,2.92;0
-3.69,9.72,7.46,3.99,-4.49,-7.65,-10.32,7.13,2.11,5.80;0
-1.86,9.33,5.05,0.06,-8.50,-5.30,-8.90,8.35,2.06,4.21;0
-2.19,-8.17,-5.10,-4.14,-0.70,5.08,-7.24,-1.30,0.78,-7.39;2
-7.18,-2.07,-9.51,7.11,-6.48,3.64,-2.60,1.66,1.80,-7.05;4
-2.53,7.67,4.75,0.96,-5.42,-7.10,-10.08,6.84,2.64,3.32;0
-5.32,-0.59,-5.67,8.74,-3.36,3.52,-3.84,0.02,0.62,-5.39;4
1.68,-7.79,-7.84,11.06,10.02,6.32,-5.39,-7.27,6.92,-1.77;3
2.20,-7.87,-9.38,6.87,9.43,7.75,-5.55,-8.98,4.44,0.62;3
-11.01,10.31,4.67,-4.59,-7.87,-7.46,-6.12,-0.26,0.10,-3.40;1
1.97,-7.09,-4.35,-0.98,-2.19,4.49,-4.49,0.22,3.92,-10.08;2
3.06,-4.57,-8.96,11.02,9.03,7.44,-7.24,-4.42,5.93,-1.62;3
3.27,-7.88,-5.44,-3.64,0.17,4.76,-6.18,0.31,-1.03,-11.28;2
3.45,-6.25,-10.03,7.54,9.69,7.21,-3.32,-9.60,4.66,-0.56;3
0.02,-6.25,-7.59,9.91,8.37,10.54,-5.82,-9.67,4.04,1.98;3
-5.34,-1.67,-8.84,8.42,-4.30,5.31,-4.10,-0.21,1.74,-8.97;4
-12.95,6.22,5.74,-5.07,-10.48,-7.08,-4.70,2.58,-1.94,-3.60;1
-2.36,10.47,3.59,1.48,-7.47,-9.08,-8.39,7.72,2.03,3.81;0
2.55,-7.12,-4.75,-5.54,-0.17,8.66,-5.31,1.20,2.71,-8.48;2
1.94,-5.27,-7.51,8.94,6.66,10.66,-1.29,-6.96,2.55,-1.37;3
-5.45,0.27,-7.89,5.61,-3.81,3.24,-2.49,1.77,1.03,-7.20;4
-8.57,7.67,7.78,-5.45,-5.65,-7.30,-6.41,1.25,-4.46,-4.65;1
-5.41,-1.18,-9.02,9.15,-5.64,3.97,-3.52,-1.80,1.62,-7.95;4
-8.22,0.82,-9.26,7.96,-1.37,1.09,-1.83,1.39,0.21,-3.86;4
2.64,-7.45,-7.52,8.12,11.43,5.98,-2.90,-6.93,2.74,-4.28;3
3.06,-5.88,-7.90,7.37,9.49,6.12,-3.43,-7.87,4.25,-1.66;3
1.45,-8.00,-5.30,-1.36,-1.94,6.67,-6.58,-2.68,0.99,-10.84;2
3.70,-3.62,-7.27,12.24,7.93,4.94,-5.69,-7.38,3.95,-1.42;3
-10.22,7.35,5.19,-4.70,-8.32,-8.73,-4.86,1.59,-1.66,-4.87;1
-0.06,-8.90,-2.70,-1.36,-0.33,3.12,-6.54,-1.55,3.61,-9.95;2
1.06,-5.93,-3.79,-2.69,0.44,6.42,-3.84,-0.41,1.20,-11.02;2
-2.48,11.53,5.13,1.64,-5.64,-10.20,-8.48,8.48,-0.20,5.88;0
-9.27,7.92,6.64,-4.58,-6.65,-4.54,-2.38,1.87,-2.05,-5.80;1
-9.07,0.03,-10.94,7.16,-5.88,2.86,-6.00,0.53,2.81,-6.10;4
-8.59,-2.21,-11.26,5.99,-3.31,0.98,-3.35,0.00,0.78,-4.26;4
-7.96,1.21,-9.50,9.49,-4.59,3.39,-3.94,-1.77,3.84,-7.72;4
4.65,-7.30,-9.43,8.55,7.63,3.61,-2.33,-10.81,4.06,0.13;3
1.55,-8.67,-7.22,7.81,8.14,7.66,-6.73,-10.33,3.66,-0.76;3
-8.97,10.09,6.71,-4.92,-10.16,-6.78,-3.55,-1.23,-0.78,-4.48;1
2.37,-8.76,-2.87,-2.08,-0.29,5.06,-5.33,-0.11,2.68,-11.93;2
3.04,-6.75,-5.65,-1.89,0.42,5.96,-4.28,-1.54,2.55,-10.83;2
1.10,-6.21,-2.57,-3.51,0.68,6.85,-3.41,-0.42,-0.08,-9.83;2
-9.54,9.57,6.38,-5.16,-5.32,-5.23,-5.39,0.07,0.43,-2.83;1
2.10,-7.34,-8.96,10.05,11.23,7.02,-3.76,-5.80,3.22,0.35;3
-1.62,4.60,5.62,2.27,-6.91,-7.46,-7.15,8.74,0.86,4.77;0
-8.55,10.27,5.45,-8.62,-6.95,-4.83,-1.82,1.56,-0.72,-3.61;1
2.78,-5.32,-7.90,6.33,10.81,7.57,-2.66,-7.49,4.01,0.35;3
-5.80,3.08,-11.46,5.30,-5.19,0.97,-3.70,1.52,3.18,-6.00;4
1.34,-6.59,-2.88,-4.04,-1.56,4.18,-7.24,-1.65,0.50,-6.94;2
4.12,-8.38,-3.75,-2.05,0.91,4.48,-4.37,-0.54,-0.16,-7.98;2
-4.37,7.97,3.56,3.32,-7.32,-5.01,-9.85,7.74,0.77,7.38;0
2.36,-8.88,-8.90,7.69,10.35,10.03,-3.16,-11.03,3.14,-1.01;3
2.92,-6.29,-7.90,8.80,9.26,7.53,-0.39,-10.15,3.53,-2.97;3
3.30,-7.42,-5.10,-1.77,-0.30,4.49,-3.88,0.72,2.94,-6.98;2
1.09,-5.51,-8.80,8.55,9.97,5.06,-4.42,-7.86,2.94,-0.19;3
-2.71,10.23,5.83,-0.65,-4.92,-9.37,-7.29,9.01,0.39,3.55;0
-11.65,8.33,6.22,-6.93,-3.76,-7.62,-4.75,0.80,-3.16,-4.77;1
-3.35,6.96,4.51,5.84,-8.09,-4.42,-6.32,6.49,2.88,6.60;0
3.89,-7.79,-4.25,-1.95,0.75,5.20,-3.73,-2.92,2.99,-10.33;2
-0.52,9.85,5.32,5.22,-7.84,-5.49,-8.75,7.73,4.32,4.92;0
-4.22,8.72,3.56,-0.83,-7.00,-7.06,-6.57,8.27,0.49,6.94;0
-2.24,11.10,6.02,-0.38,-8.36,-5.47,-10.31,6.99,2.85,2.71;0
4.16,-7.09,-6.12,-3.19,-0.81,2.95,-3.92,0.50,2.42,-7.02;2
-9.72,9.34,4.05,-3.51,-6.30,-5.67,-2.49,-1.04,-0.65,-4.58;1
2.28,-6.61,-4.82,6.98,6.33,6.67,-4.47,-7.57,4.56,0.73;3
1.14,-6.08,-11.05,9.59,12.24,4.68,-5.05,-9.11,3.88,-2.79;3
-9.81,8.91,5.08,-7.51,-5.67,-7.16,-3.44,-0.83,-1.09,-2.22;1
-5.32,9.19,4.40,2.98,-6.56,-8.01,-9.32,6.13,3.64,4.19;0
-9.65,0.18,-9.21,3.97,-5.23,3.92,-3.23,1.76,0.35,-5.23;4
3.70,-7.21,-3.13,-5.90,-0.21,4.75,-3.53,1.22,2.21,-8.34;2
-10.20,0.76,-11.50,11.25,-5.43,2.97,-4.92,-0.54,4.35,-4.89;4
-10.88,9.44,3.42,-4.44,-8.71,-4.08,-4.41,0.18,-2.30,-4.61;1
0.57,-8.16,-5.57,-3.49,-1.20,6.96,-6.49,-2.09,3.56,-10.33;2
2.69,-6.48,-7.87,8.64,8.67,9.18,-6.12,-6.95,2.82,-1.70;3
0.37,-8.90,-5.80,-2.77,-0.23,6.81,-2.15,-3.09,2.76,-9.91;2
-9.57,0.71,-6.98,10.24,-3.72,5.38,-3.69,1.34,-0.09,-5.86;4
-8.88,-0.98,-6.99,7.24,-4.67,2.12,-2.50,-0.41,0.79,-8.83;4
-4.63,8.38,4.13,0.77,-7.12,-6.27,-6.01,7.59,2.41,4.05;0
-1.46,8.51,6.40,2.53,-7.04,-6.21,-11.19,5.63,0.23,4.38;0
2.41,-7.52,-11.13,9.92,8.91,7.00,-1.11,-11.26,2.64,-1.51;3
-7.68,-0.87,-10.03,8.23,-4.66,2.57,-4.18,2.42,3.01,-5.92;4
-9.97,8.59,7.85,-8.54,-6.30,-5.49,-1.13,-0.23,-0.87,-6.88;1
-1.67,9.13,5.45,0.59,-6.63,-9.00,-9.01,5.97,0.92,6.02;0
-7.25,-0.29,-9.51,7.02,-3.41,3.37,-4.03,-0.72,-1.06,-4.34;4
1.33,-8.16,-5.43,-3.48,0.25,5.37,-8.03,2.94,2.33,-11.18;2
1.03,-7.97,-5.36,-3.77,3.20,6.97,-4.35,1.02,-0.56,-8.48;2
-0.11,-7.42,-8.06,10.13,12.60,7.60,-3.99,-9.38,2.84,-2.09;3
1.34,-6.74,-7.69,10.58,10.72,6.07,-5.79,-9.54,4.09,-0.68;3
-8.71,8.78,7.03,-6.11,-6.35,-6.82,-4.16,0.81,-2.85,-5.70;1
-1.82,8.00,7.66,2.18,-7.43,-6.60,-10.86,5.87,3.82,3.18;0
-11.90,9.16,5.92,-7.20,-6.63,-5.59,-3.93,0.96,1.36,-4.69;1
-1.06,11.44,2.79,1.08,-6.92,-6.46,-10.05,7.96,1.31,4.14;0
-6.87,9.07,5.38,-6.73,-8.00,-7.51,-4.47,-1.61,-1.34,-2.82;1
2.85,-7.41,-9.46,6.70,10.70,5.59,-3.63,-9.60,4.34,-2.34;3
-3.05,10.75,3.02,2.90,-5.99,-7.34,-8.35,5.45,3.41,3.88;0
-5.25,1.90,-8.15,8.30,-4.79,4.40,-4.35,-2.42,1.67,-8.00;4
3.39,-5.17,-7.94,8.17,6.35,5.43,-4.36,-8.52,4.61,1.78;3
2.15,-6.86,-8.33,8.39,8.67,3.61,-4.28,-8.77,2.91,-0.57;3
1.41,-7.59,-5.29,-2.10,0.81,3.09,-5.39,-0.13,2.02,-8.38;2
1.11,-3.79,-9.71,9.11,8.89,6.35,-3.24,-7.40,2.55,-2.88;3
3.80,-9.11,-3.44,-3.98,-1.19,4.16,-4.77,-0.97,2.68,-9.59;2
0.53,-8.44,-2.20,-2.47,-1.70,6.47,-7.23,2.54,3.88,-9.77;2
-11.49,10.40,7.66,-5.18,-7.86,-5.96,-5.69,0.12,0.18,-2.98;1
1.00,-4.44,-1.26,-2.29,-0.90,7.25,-4.36,-0.92,1.06,-11.05;2
-8.85,10.25,6.94,-5.90,-5.71,-10.13,-2.89,0.68,-1.69,-1.11;1
3.58,-5.52,-4.93,-1.65,1.21,8.38,-6.38,-3.17,0.62,-9.71;2
3.63,-6.62,-4.63,-3.87,-1.25,6.17,-6.48,0.76,2.51,-7.82;2
4.04,-7.20,-4.07,-3.07,0.15,5.07,-4.54,-1.41,0.20,-8.04;2
2.90,-8.34,-5.89,-2.51,-0.30,3.94,-4.61,-2.37,0.98,-9.46;2
1.95,-7.37,-4.48,-1.22,-0.25,6.03,-7.91,-0.28,3.20,-9.01;2
-7.91,-0.30,-10.69,9.77,-6.42,3.05,-3.33,2.43,0.92,-4.90;4
-5.05,11.31,4.40,1.33,-8.40,-9.36,-7.60,7.43,0.09,2.22;0
3.53,-5.31,-10.67,8.28,10.55,6.23,-5.52,-7.36,2.61,1.49;3
1.02,-4.05,-4.10,-4.74,1.17,5.89,-4.73,2.12,2.36,-9.96;2
-5.72,3.21,-7.31,7.02,-5.87,3.01,-1.09,0.15,-1.06,-7.05;4
-3.75,8.17,5.76,2.89,-6.91,-6.70,-6.92,6.44,2.84,3.86;0
-9.43,7.78,6.39,-5.15,-5.82,-5.58,-3.48,-0.27,-2.13,-5.97;1
-9.76,8.44,9.26,-6.24,-3.61,-5.11,-3.19,1.05,-0.77,-7.07;1
-2.19,8.87,3.82,2.57,-6.94,-5.23,-8.67,7.55,1.48,4.08;0
1.84,-8.37,-5.06,-2.67,-2.47,4.95,-6.78,3.47,-2.31,-9.34;2
1.57,-7.96,-8.32,5.32,9.04,5.86,-5.95,-9.44,4.90,-0.85;3
2.46,-6.66,-9.35,9.57,7.92,4.35,-2.04,-6.96,3.78,1.30;3
2.64,-8.14,-9.98,8.57,7.73,5.45,-5.70,-10.80,5.21,-3.14;3
-8.16,-0.18,-10.67,7.69,-5.37,2.30,-3.56,-0.08,1.69,-8.74;4
-0.09,-6.84,-8.27,8.82,5.60,6.92,-1.63,-7.87,2.14,-1.97;3
-9.31,2.11,-11.30,10.21,-3.05,4.60,-4.81,0.92,-0.98,-4.94;4
-10.01,10.67,6.58,-7.86,-6.44,-3.78,-2.04,0.40,0.07,-4.73;1
-2.05,11.57,5.00,5.88,-6.03,-9.52,-7.71,7.90,3.96,5.17;0
2.04,-7.97,-3.43,-3.95,-0.42,4.61,-7.35,-0.67,1.29,-9.14;2
-7.99,10.30,10.10,-7.97,-4.47,-4.61,-5.38,2.01,-0.86,-4.52;1
-6.33,7.26,3.87,-4.58,-7.38,-6.81,-5.09,0.11,1.04,-2.97;1
-9.09,11.57,7.97,-7.37,-4.30,-5.86,-2.88,2.69,-3.03,-4.23;1
2.40,-5.00,-10.49,7.46,6.41,5.34,-1.91,-8.23,1.67,-1.93;3
4.76,-8.54,-3.94,-3.69,0.04,6.47,-4.79,0.78,6.25,-10.61;2
-10.50,10.29,7.26,-5.22,-6.24,-6.39,-0.33,2.27,-0.28,-4.01;1
0.49,-4.59,-9.52,7.10,8.67,5.81,-3.51,-7.67,2.44,-0.17;3
-3.57,7.13,4.31,1.51,-3.24,-6.23,-10.90,6.48,3.55,7.29;0
3.26,-5.77,-6.00,0.62,0.27,5.70,-4.37,3.83,-0.31,-9.41;2
-1.23,8.81,5.23,1.82,-6.48,-7.75,-12.50,7.12,4.16,5.55;0
-1.33,-6.92,-3.61,-2.73,-1.86,2.63,-5.45,2.47,0.96,-8.41;2
-8.40,0.82,-9.94,10.09,-3.94,2.19,-3.72,-0.94,0.66,-7.13;4
-0.20,-10.97,-3.71,-2.46,-1.31,5.54,-1.36,-0.10,2.61,-10.05;2
3.74,-5.99,-8.68,8.96,7.88,6.93,-3.97,-8.80,5.34,-3.07;3
0.80,-2.54,-8.34,7.70,10.61,7.32,-4.19,-6.79,2.45,-1.94;3
-7.85,2.02,-8.49,7.39,-5.46,2.50,-2.45,-0.06,-1.76,-6.38;4
-6.68,-2.06,-9.32,7.72,-3.83,3.59,-1.75,-0.50,2.00,-6.06;4
1.96,-5.39,-6.02,-1.76,0.77,6.78,-2.52,-0.51,3.28,-9.23;2
-5.28,7.62,2.40,1.00,-7.00,-9.05,-10.22,5.82,2.33,4.27;0
3.57,-5.58,-9.63,7.79,6.20,6.40,-4.03,-6.34,4.22,0.80;3
-9.01,11.03,9.67,-4.22,-5.99,-4.76,-3.70,0.53,-1.89,-1.83;1
0.59,-4.52,-5.44,-3.68,-2.35,8.40,-5.18,-1.12,3.51,-8.77;2
-5.05,-0.39,-8.70,6.89,-5.36,0.96,-4.06,-0.06,1.38,-7.24;4
3.85,-5.07,-2.01,-2.25,-3.82,6.39,-4.43,0.16,4.47,-7.78;2
-10.33,9.12,5.16,-5.81,-7.58,-8.00,-3.53,0.81,-0.19,-4.82;1
-8.33,1.21,-7.71,8.05,-3.80,1.64,-1.70,3.62,1.72,-9.43;4
-10.39,10.12,5.00,-4.73,-5.75,-6.79,-5.17,-0.83,-0.56,-2.33;1
-10.51,9.69,7.47,-9.01,-6.38,-6.09,-4.33,2.43,-0.73,-2.21;1
-3.84,7.79,4.52,2.48,-6.46,-5.64,-8.82,9.50,1.63,8.24;0
2.04,-4.28,-9.69,8.09,10.03,5.30,-3.68,-10.37,7.01,-3.22;3
-8.64,-1.03,-7.90,8.17,-3.12,1.26,-2.32,1.48,-2.09,-4.32;4
-10.59,9.31,5.06,-9.50,-6.06,-5.42,-3.52,-2.43,-1.89,-7.50;1
-12.32,10.54,6.51,-5.12,-7.66,-4.41,-2.35,1.37,-1.56,-3.31;1
2.60,-8.21,-3.60,-2.49,0.53,6.87,-5.96,-1.06,0.87,-9.90;2
1.25,-7.98,-4.84,-2.16,-0.19,1.14,-4.47,2.44,0.27,-10.53;2
-1.80,7.62,5.47,0.60,-7.51,-7.32,-7.37,8.70,0.15,4.24;0
-1.51,10.77,4.91,0.03,-6.28,-7.86,-9.63,8.20,3.88,4.19;0
-4.38,9.92,5.96,1.30,-7.58,-6.48,-9.49,7.22,5.17,3.79;0
-7.04,0.42,-8.55,9.84,-6.96,1.79,-3.42,-0.69,6.00,-5.53;4
3.11,-6.52,-1.85,-0.79,-1.91,6.93,-7.43,1.33,1.07,-10.61;2
-2.02,8.44,3.62,2.89,-5.33,-5.48,-10.10,6.86,2.52,5.62;0
-2.17,10.98,2.23,2.25,-6.49,-5.71,-10.69,5.34,2.81,4.61;0
2.62,-8.16,-3.51,-3.75,-3.93,3.72,-5.97,-1.41,1.75,-10.68;2
-6.20,-2.27,-10.31,8.00,-2.78,3.18,-3.09,-0.48,1.66,-3.79;4
-1.55,11.01,4.93,3.04,-7.01,-4.72,-9.85,10.02,1.96,2.02;0
-6.63,1.14,-12.28,7.57,-3.40,3.66,-5.56,-3.24,0.39,-6.41;4
-6.56,10.03,3.66,-0.77,-6.11,-4.82,-9.04,8.75,4.44,6.13;0
-0.68,9.89,4.30,0.53,-7.44,-5.25,-6.01,9.64,1.29,2.48;0
-1.45,9.36,6.07,2.40,-7.80,-6.34,-10.55,7.49,1.97,3.85;0
5.61,-8.69,-7.50,11.47,8.83,7.46,-5.38,-9.08,4.26,0.00;3
2.52,-7.28,-5.25,-2.96,-0.61,4.48,-8.22,2.99,0.90,-9.22;2
2.31,-6.36,-10.95,10.47,7.99,6.30,-2.16,-6.66,3.74,-1.74;3
-3.54,10.20,1.68,3.31,-8.70,-5.78,-8.82,5.89,1.41,5.19;0
5.21,-7.19,-3.58,-0.63,-1.10,4.72,-4.70,0.40,2.12,-10.32;2
-6.91,9.42,6.31,-7.15,-1.96,-7.94,-4.56,1.12,-0.46,-2.74;1
-11.94,11.43,5.73,-5.00,-8.71,-8.10,-1.76,-0.03,0.82,-4.29;1
1.67,-6.64,-5.83,6.99,12.29,7.30,-3.28,-9.52,4.54,-2.28;3
5.04,-8.02,-7.08,8.85,9.12,3.86,-4.33,-9.54,2.99,-2.84;3
2.24,-8.43,-9.18,11.06,9.79,6.14,-1.06,-10.09,2.02,1.37;3
2.90,-9.36,-5.41,-5.83,-3.01,5.97,-8.95,-1.94,1.84,-9.89;2
2.72,-6.65,-8.84,9.37,10.12,4.29,-1.76,-10.84,2.66,-1.34;3
-7.28,0.82,-9.66,7.67,-6.55,2.70,-8.75,-0.48,0.81,-5.46;4
3.09,-5.58,-3.66,-6.41,-1.63,7.50,-7.22,-0.05,0.28,-6.40;2
-2.84,9.55,6.86,1.20,-8.09,-7.63,-7.47,7.82,1.23,4.93;0
-10.34,0.63,-10.97,8.34,-5.64,1.63,-4.97,0.74,-0.99,-7.43;4
-1.46,9.65,5.38,1.18,-10.11,-5.23,-9.56,6.03,3.06,3.57;0
-6.91,-1.86,-9.50,8.07,-2.87,2.18,-4.16,-3.10,3.54,-7.91;4
4.02,-7.43,-7.49,-4.77,-1.25,3.96,-6.63,0.33,4.04,-9.51;2
2.21,-5.47,-3.56,-3.79,-1.30,3.60,-6.17,1.95,2.88,-6.97;2
-10.30,7.52,6.46,-6.59,-10.76,-3.25,-2.28,-0.07,-1.33,-5.93;1
-7.81,7.63,9.15,-3.47,-5.26,-3.66,-6.40,-0.29,-2.46,-3.09;1
-12.45,8.11,6.03,-2.92,-5.53,-8.34,-3.19,-1.83,0.26,-4.88;1
2.60,-7.92,-3.24,-4.14,-2.95,3.01,-9.34,-0.49,1.40,-10.02;2
-8.71,-2.79,-8.96,7.80,-6.49,0.73,-3.78,1.87,1.81,-6.22;4
0.94,-4.07,-9.35,7.01,9.64,5.45,-5.16,-9.69,7.84,-1.57;3
-9.91,0.41,-10.09,7.38,-6.30,-1.60,-1.50,-1.10,0.32,-8.49;4
1.59,-4.63,-5.31,-3.58,-1.55,3.88,-9.32,-0.06,2.05,-9.15;2
-8.89,11.42,7.43,-5.90,-2.95,-5.00,-3.05,-1.42,-3.29,-3.74;1
-2.87,8.46,4.05,0.59,-4.46,-7.36,-7.01,9.61,3.52,3.51;0
-7.56,0.36,-9.47,6.09,-4.05,6.13,-3.15,-0.24,-1.21,-7.67;4
2.34,-9.83,-3.66,-4.24,1.69,6.49,-6.61,-0.83,1.69,-8.15;2
-6.07,-0.48,-9.94,8.22,-5.71,3.74,-4.57,1.10,2.76,-7.38;4
-8.09,8.97,7.79,-6.19,-6.45,-5.59,-3.48,-2.50,-3.04,-2.78;1
4.85,-3.60,-3.83,-3.37,-2.64,6.41,-3.33,-0.09,-1.72,-8.07;2
-1.02,-7.23,-8.60,8.56,7.57,3.44,-4.68,-6.70,5.57,0.58;3
-0.87,-7.08,-4.82,-2.66,0.54,4.87,-8.82,3.35,0.35,-10.66;2
-3.48,11.68,2.85,3.35,-5.38,-7.89,-6.75,6.95,2.46,4.55;0
3.20,-7.11,-10.43,10.90,11.14,6.40,-5.80,-9.89,3.85,-1.95;3
-8.63,0.24,-9.46,8.51,-5.51,2.74,-3.62,0.70,0.93,-3.74;4
-10.42,9.20,9.15,-7.17,-3.94,-6.81,-1.93,-1.62,-0.48,-5.28;1
5.09,-5.68,-1.69,-2.09,0.87,4.62,-6.97,-3.82,3.63,-6.76;2
2.45,-7.11,-2.94,-3.94,-3.49,5.94,-5.58,2.52,-0.06,-7.34;2
-5.78,-1.09,-10.60,6.41,-4.55,0.47,-3.07,0.24,2.64,-7.31;4
2.30,-6.13,-8.56,10.84,9.50,3.98,-1.46,-7.49,2.80,-3.08;3
-2.96,11.08,4.41,2.16,-7.14,-6.86,-10.48,5.16,4.41,2.89;0
-1.70,10.62,4.09,0.71,-8.45,-9.83,-5.75,5.67,1.69,3.75;0
2.57,-9.01,-2.53,-2.36,-0.58,5.69,-6.78,0.61,2.56,-11.69;2
3.47,-7.50,-3.71,-0.17,-4.06,6.32,-2.80,0.71,4.32,-10.01;2
-8.93,10.66,7.24,-5.07,-8.74,-6.26,-3.20,1.59,-2.40,-5.16;1
4.29,-4.47,-8.74,9.19,10.98,3.92,-4.39,-6.04,5.15,-0.64;3
1.89,-5.97,-9.64,9.32,10.48,5.07,-2.74,-7.97,5.25,-1.50;3
-2.77,7.82,2.57,0.88,-6.93,-4.19,-9.61,7.66,2.00,5.94;0
-2.71,-6.14,-8.70,9.19,9.39,4.18,-3.07,-7.10,4.71,0.22;3
-0.85,8.83,1.38,3.24,-7.68,-7.02,-8.34,7.61,3.09,3.51;0
4.03,-5.22,-9.24,8.65,9.11,5.00,-4.57,-8.45,6.10,0.22;3
-6.17,-2.04,-5.76,9.47,-7.35,2.19,-2.54,2.17,-0.97,-5.23;4
2.67,-7.76,-4.43,-6.40,-1.21,7.16,-6.95,0.36,0.71,-8.53;2
-8.42,-2.09,-10.22,8.52,-3.81,3.49,-3.25,-0.10,1.68,-4.08;4
-0.87,9.93,3.00,1.50,-5.06,-6.67,-5.36,7.91,2.31,3.70;0
-2.36,9.91,3.41,5.11,-8.39,-8.70,-7.10,8.51,2.96,5.10;0
-3.37,9.20,8.48,1.83,-5.16,-7.93,-8.89,9.98,1.08,6.88;0
1.69,-6.30,-8.28,9.46,9.11,5.60,0.83,-6.69,4.30,-1.55;3
-2.70,7.58,2.23,2.28,-8.01,-9.01,-9.81,5.70,4.55,5.48;0
1.28,-6.90,-3.62,-4.04,1.03,4.23,-8.43,0.86,0.62,-8.59;2
3.15,-7.27,-2.96,-0.65,0.71,6.41,-5.99,-1.19,2.96,-6.55;2
1.49,-8.26,-7.22,9.67,10.69,5.70,-4.89,-9.66,4.22,-2.76;3
-10.48,-0.23,-7.64,7.36,-7.08,3.47,-4.67,1.35,-0.39,-7.46;4
-10.95,11.68,7.42,-4.21,-7.35,-5.05,-5.55,1.83,-1.10,-3.35;1
-9.19,11.31,7.75,-5.32,-8.85,-7.77,-4.10,0.64,-3.06,-0.56;1
-6.79,-0.96,-9.06,10.04,-1.72,4.53,-0.97,-0.54,1.99,-4.30;4
-4.97,11.44,4.78,-5.40,-7.28,-7.85,-5.93,1.14,-2.38,-2.72;1
0.86,-7.02,-4.91,-0.90,1.09,7.00,-5.55,-0.06,0.06,-6.16;2
-6.07,-0.22,-8.30,9.05,-4.06,4.92,-2.11,0.21,1.90,-6.88;4
2.29,-7.68,-3.96,-6.24,-3.62,6.63,-4.45,-1.08,1.48,-8.63;2
-9.63,0.52,-8.52,4.60,-6.08,2.21,-3.59,-0.80,0.88,-6.62;4
-9.95,9.40,8.25,-3.85,-6.53,-6.91,-4.00,1.00,-0.02,-4.17;1
1.59,-7.43,-9.43,4.86,9.92,4.90,-6.32,-6.92,2.06,-1.70;3
-1.01,4.67,7.77,1.76,-5.22,-8.44,-7.92,5.74,1.09,7.03;0
-8.78,0.17,-8.97,10.13,-2.93,3.16,-4.48,-0.59,0.57,-6.95;4
3.84,-5.57,-8.41,11.26,9.94,8.13,-3.00,-10.81,5.64,-0.99;3
-8.81,10.14,6.65,-5.13,-3.96,-6.76,-3.71,-1.13,-2.66,-4.03;1
-9.33,0.55,-7.65,9.32,-3.20,2.93,-4.47,-0.70,0.85,-6.42;4
4.95,-7.72,-11.20,5.98,9.09,5.17,-3.60,-7.85,1.28,-3.92;3
-9.30,2.01,-10.55,12.64,-2.62,2.06,-3.74,1.53,2.11,-5.64;4
-0.05,10.13,4.75,-0.43,-7.25,-8.14,-5.58,7.06,2.21,4.99;0
-1.94,7.66,3.34,3.66,-8.66,-4.42,-10.19,8.28,1.53,5.07;0
1.69,-4.54,-8.85,10.22,8.97,8.67,-4.93,-8.97,5.97,-1.86;3
-10.22,6.36,5.04,-2.89,-8.28,-6.05,-2.40,-1.39,-1.08,-2.77;1
-8.25,-2.05,-7.62,10.59,-3.36,5.16,-4.28,-0.55,-0.23,-5.34;4
-10.45,0.99,-8.44,8.89,-2.87,2.25,-5.91,0.30,0.41,-7.57;4
-6.16,0.55,-9.79,10.59,-2.49,4.65,-8.29,2.77,2.13,-3.29;4
-9.31,13.44,7.17,-7.26,-6.51,-9.00,-4.04,-0.75,0.01,-5.00;1
-0.40,-6.03,-8.30,9.07,8.99,5.73,-3.15,-8.09,4.16,-0.87;3
-9.73,11.39,4.72,-7.85,-7.24,-4.77,-6.19,-3.75,-2.04,-3.35;1
2.88,-7.04,-4.90,8.64,8.97,4.97,-3.72,-7.12,5.49,-3.43;3
-5.01,9.83,3.65,2.83,-8.02,-9.59,-11.28,7.40,2.41,2.80;0
-7.07,1.55,-12.68,6.50,-5.70,3.25,-3.98,0.22,1.55,-7.66;4
-6.17,8.12,7.43,-6.55,-7.67,-6.35,-3.71,4.87,-1.64,-5.87;1
-9.49,6.37,8.81,-6.52,-6.28,-6.80,-2.20,-3.76,-1.39,-4.33;1
-2.42,9.81,4.53,2.70,-6.78,-9.84,-10.25,7.11,0.21,5.06;0
-0.92,9.94,5.67,-0.08,-5.06,-6.49,-9.39,7.54,-0.64,4.77;0
-0.21,10.84,4.32,4.21,-6.66,-7.39,-9.76,6.87,1.44,4.42;0
-9.05,-0.53,-6.38,8.30,-3.05,4.01,-2.09,-3.80,0.48,-4.34;4
2.85,-6.21,-6.18,-3.36,-2.90,4.36,-5.18,-0.82,1.40,-11.51;2
-9.18,6.29,6.51,-5.73,-5.17,-4.87,-4.67,0.27,-2.51,-5.87;1
2.85,-8.11,-1.92,-2.91,0.05,7.89,-4.46,-1.83,2.52,-7.79;2
-5.27,7.09,3.70,2.01,-6.10,-7.97,-8.56,6.19,1.11,2.05;0
-9.39,0.50,-10.26,5.83,-3.37,5.34,-1.43,0.68,1.87,-4.25;4
-1.03,8.90,4.16,2.20,-8.13,-3.75,-11.25,7.60,5.06,4.17;0
-2.59,-6.62,-4.11,-5.19,-0.41,6.42,-5.12,-3.69,3.90,-10.18;2
-9.66,8.76,5.79,-5.26,-8.64,-5.21,-4.54,-1.20,-2.04,-2.29;1
-6.66,-1.56,-8.16,7.40,-4.72,3.09,-2.22,-1.56,-2.49,-6.62;4
3.67,-5.38,-0.85,-3.21,-0.71,5.08,-6.00,2.58,-0.17,-10.36;2
-4.47,-0.80,-8.33,9.34,-5.03,4.16,-3.40,-1.73,0.44,-7.22;4
3.55,-5.83,-5.24,7.45,10.55,4.20,-3.67,-6.58,0.58,-1.50;3
3.55,-6.03,-10.37,8.92,10.77,4.28,-2.95,-4.56,5.28,0.92;3
0.30,-7.12,-2.79,-2.04,-0.97,3.15,-7.22,0.57,0.67,-8.77;2
-1.98,9.75,5.59,3.64,-6.26,-7.24,-7.83,10.17,1.82,2.70;0
-9.23,11.28,7.83,-4.30,-5.87,-8.42,-4.21,2.09,-1.44,-3.42;1
4.51,-6.64,-4.72,-3.42,-1.13,8.16,-6.28,0.25,1.12,-7.42;2
-3.74,9.38,5.01,1.21,-7.59,-6.53,-11.01,5.21,0.94,3.84;0
-4.00,5.78,3.68,-0.01,-4.42,-5.37,-9.87,10.70,3.49,3.67;0
3.03,-7.24,-10.81,9.39,7.07,8.11,-4.15,-6.25,2.96,-0.79;3
0.10,10.48,4.77,0.76,-8.13,-6.10,-8.21,9.43,3.00,1.91;0
3.23,-4.56,-2.60,-2.53,-1.65,1.87,-6.26,-0.20,2.43,-9.30;2
2.28,-7.69,-8.33,7.11,7.90,7.14,-5.43,-7.24,1.63,1.45;3
3.32,-6.69,-8.72,7.32,8.86,5.02,-3.33,-9.53,5.68,-3.71;3
-2.10,8.94,4.28,0.61,-7.74,-5.75,-8.09,5.86,2.17,5.29;0
-9.64,-0.11,-12.55,10.03,-2.99,2.60,-4.32,0.29,1.01,-6.11;4
-7.79,8.70,6.03,-4.02,-9.17,-6.91,-3.63,1.17,-2.13,-4.12;1
-9.00,-0.10,-9.45,6.07,-4.58,4.70,-5.46,2.31,-1.41,-3.13;4
-3.89,6.99,3.18,3.55,-8.30,-2.93,-8.10,7.60,0.73,5.21;0
4.58,-7.75,-6.98,9.25,9.69,3.21,-7.21,-8.38,4.06,-2.88;3
0.39,-8.24,-3.47,0.47,-1.09,6.59,-6.17,3.20,-0.77,-8.93;2
0.12,11.09,2.70,3.01,-7.63,-6.48,-8.40,6.97,0.85,3.13;0
-9.28,10.55,4.23,-5.30,-4.96,-6.95,-2.86,4.72,-1.52,-3.59;1
-3.77,8.12,1.45,1.18,-8.02,-6.65,-8.33,10.14,3.45,3.30;0
-11.08,10.03,5.36,-5.61,-8.26,-9.02,-4.49,0.31,-1.96,-5.95;1
-11.35,8.06,7.54,-7.18,-5.67,-8.38,-2.64,-1.35,-0.53,-3.24;1
2.16,-9.36,-11.77,8.11,10.90,7.35,-2.54,-9.53,6.11,-2.64;3
-9.37,8.48,6.86,-3.37,-5.32,-8.04,-4.08,-0.71,-1.94,-4.80;1
-9.02,11.24,5.75,-9.34,-6.98,-4.96,-3.11,1.14,-1.78,-6.09;1
2.67,-6.68,-7.14,9.33,9.49,6.64,-4.05,-8.03,2.80,-2.32;3
2.84,-6.80,-8.31,8.64,10.31,3.85,-4.45,-7.60,4.49,1.04;3
-10.33,-0.88,-11.12,8.80,-6.49,3.90,-4.05,-0.32,1.52,-6.71;4
1.49,-8.30,-12.39,7.51,9.14,8.57,-2.90,-7.59,3.08,-2.07;3
-8.18,9.69,9.57,-4.22,-7.34,-6.29,-3.99,-1.88,-2.77,-5.02;1
-6.50,1.12,-8.87,5.93,-6.39,3.93,-3.78,1.06,3.45,-5.21;4
-11.67,9.63,5.00,-7.97,-7.47,-4.54,-2.49,0.86,-3.66,-4.47;1
-11.91,8.59,7.23,-4.50,-7.38,-10.70,-3.13,-1.34,-4.39,-8.42;1
-8.52,1.57,-8.90,9.56,-4.55,5.19,-3.43,-1.82,3.11,-7.72;4
-7.06,2.42,-11.28,8.91,-2.60,4.39,-2.52,1.28,2.88,-7.93;4
-5.41,0.33,-10.15,7.81,-2.36,2.90,-4.80,-0.63,0.11,-7.19;4
1.52,-5.05,-8.23,8.91,9.69,6.44,-6.18,-8.57,6.11,-2.19;3
-9.29,-1.76,-8.76,10.59,-5.35,4.30,-2.16,1.62,0.47,-7.94;4
-9.98,-0.08,-11.30,11.34,-7.92,2.05,-3.74,-0.15,-0.72,-7.74;4
2.06,-7.26,-7.71,8.38,11.70,8.37,-5.25,-7.94,2.71,-1.69;3
-3.08,8.71,3.77,0.45,-7.85,-8.72,-8.79,6.17,2.37,1.83;0
0.85,-7.38,-4.37,-2.92,-0.83,5.82,-6.65,2.19,0.09,-10.15;2
-9.48,-1.78,-10.56,9.07,-5.40,2.94,-1.86,2.34,0.51,-7.25;4
-6.73,0.53,-8.42,10.08,-2.03,3.44,-2.12,-0.13,2.71,-4.71;4
-2.52,11.23,4.76,0.68,-4.59,-6.07,-10.39,7.04,0.71,2.09;0
1.64,-5.06,-7.60,11.04,7.83,5.65,-2.77,-7.37,5.98,-0.57;3
-6.94,-0.01,-8.33,8.66,-3.23,4.60,-5.29,-1.23,-0.12,-4.84;4
-10.69,12.23,6.72,-4.60,-7.28,-5.79,-3.45,-2.34,1.66,-2.24;1
-1.93,8.97,1.54,1.84,-8.84,-5.88,-8.29,5.91,1.25,2.57;0
1.90,-6.77,-5.00,-3.14,-1.39,4.76,-4.16,0.98,2.22,-7.86;2
-0.33,-5.14,-7.88,9.65,10.69,5.45,-4.56,-4.77,3.31,-0.09;3
-0.11,-6.66,-9.58,9.47,8.10,4.63,-7.01,-6.21,3.09,-0.96;3
5.79,-7.78,-6.09,-3.28,-0.86,6.55,-6.89,2.62,0.18,-11.68;2
1.19,-6.82,-7.67,8.01,8.46,7.06,-5.19,-8.62,4.52,1.88;3
-9.68,11.09,6.78,-6.87,-4.88,-6.66,-3.13,-0.22,-2.34,-4.05;1
-1.44,-8.12,-7.23,8.60,9.62,4.15,-1.14,-6.26,3.38,-1.80;3
1.21,-7.69,-10.87,8.28,10.94,6.13,-2.97,-5.55,4.08,-2.04;3
-8.83,5.66,5.20,-3.31,-7.24,-8.09,-4.21,3.60,-4.11,-5.75;1
-2.24,7.01,5.21,2.89,-6.04,-5.26,-7.59,8.01,1.92,1.67;0
-12.46,9.30,4.60,-2.77,-5.00,-6.17,-2.02,-0.77,-0.55,-3.88;1
-12.32,8.34,4.56,-3.20,-6.54,-6.85,-2.58,-1.19,-2.51,-4.07;1
4.30,-5.68,-4.70,-1.39,-0.37,7.95,-5.89,1.82,5.81,-8.17;2
2.28,-6.44,-5.63,-4.78,-0.72,5.23,-5.07,0.16,2.16,-11.51;2
-8.28,-0.14,-10.39,8.12,-8.33,3.89,-3.95,-0.10,1.26,-8.45;4
0.79,-8.40,-4.00,-6.14,1.63,6.37,-4.17,-2.09,3.72,-5.72;2
1.56,-4.37,-9.69,10.97,10.54,4.80,-3.45,-8.12,4.62,-1.53;3
4.55,-5.62,-9.68,8.21,9.43,6.65,-5.39,-6.96,3.81,-3.77;3
-9.57,13.70,4.15,-4.17,-6.62,-5.17,-3.25,-0.60,-1.02,-6.96;1
-6.84,-0.14,-11.46,6.06,-5.13,3.01,-2.49,1.54,1.84,-6.72;4
-11.33,8.97,6.20,-7.57,-5.78,-5.95,-4.21,-0.64,0.21,-1.69;1
-8.84,-1.19,-10.03,8.55,-3.53,4.87,-5.02,-0.87,2.91,-5.33;4
3.49,-8.16,-2.86,-6.73,-1.96,4.32,-7.89,-0.04,2.43,-8.02;2
4.09,-7.22,-4.74,-0.71,-1.62,3.58,-6.78,1.21,3.94,-8.90;2
1.00,-6.71,-9.65,10.09,8.88,6.39,-3.67,-7.75,3.65,-0.43;3
4.12,-4.83,-10.58,10.91,8.84,7.07,-5.27,-7.83,4.16,-3.42;3
-8.29,7.27,4.92,-10.01,-7.58,-4.90,-3.14,0.16,-1.39,-5.21;1
-5.61,0.87,-8.26,9.27,-5.06,3.73,-5.39,2.30,-3.24,-6.43;4
-5.17,10.91,3.28,0.99,-7.77,-4.82,-12.04,12.03,3.61,4.50;0
-2.51,9.92,2.47,-1.47,-7.71,-8.71,-9.60,7.10,1.34,6.34;0
-9.33,-1.03,-12.00,9.70,-2.92,2.76,-4.21,1.08,3.15,-5.69;4
-8.81,0.05,-9.58,9.36,-7.19,1.98,-6.22,0.01,2.75,-7.06;4
-10.31,13.21,6.59,-7.86,-6.56,-5.55,-1.41,-0.39,-3.73,-2.95;1
-3.77,0.46,-12.37,7.37,-7.72,2.76,-6.75,-0.91,-1.35,-5.73;4
-0.21,-7.85,-3.40,-4.01,-3.02,5.81,-4.71,-2.26,3.08,-7.85;2
-9.16,0.30,-8.83,5.70,-3.69,1.58,-1.43,0.33,-0.94,-8.02;4
1.28,8.22,3.91,3.54,-5.86,-4.11,-7.96,6.78,2.91,5.82;0
-2.77,11.51,4.67,2.32,-8.77,-7.80,-9.40,6.85,3.94,5.00;0
-9.60,-0.42,-10.75,8.11,-3.79,4.74,-2.54,-0.06,1.01,-5.69;4
1.87,-5.01,-3.40,-2.02,-2.66,6.72,-7.40,-1.42,1.33,-9.95;2
-9.43,-2.54,-10.42,9.40,-2.45,4.63,-2.18,0.28,-1.68,-6.99;4
-1.37,9.44,4.80,1.88,-8.01,-7.30,-11.38,7.18,0.54,2.51;0
-6.71,-1.84,-5.81,10.13,-4.81,4.55,-6.22,4.19,0.05,-6.48;4
1.90,-9.37,-2.72,-0.98,-3.80,7.17,-7.22,1.57,1.75,-9.03;2
-6.96,11.76,5.95,-5.98,-6.47,-7.01,-3.62,-0.64,-3.06,-3.24;1
4.56,-6.73,-2.33,-2.47,-1.02,5.20,-6.47,-2.04,2.24,-9.13;2
0.17,-6.95,-6.77,8.89,9.53,6.88,-2.15,-10.53,4.56,-1.60;3
-1.44,-7.61,-9.42,6.17,7.58,3.20,-3.97,-6.82,5.34,-0.57;3
-11.95,8.19,6.54,-5.87,-3.40,-8.41,-3.16,2.73,2.05,-4.78;1
-8.30,3.17,-9.91,9.55,-5.39,3.64,-2.58,-0.46,-0.03,-3.81;4
0.20,8.73,5.72,0.03,-8.31,-6.17,-6.61,7.86,1.55,4.16;0
-5.10,-0.85,-8.51,6.00,-5.11,3.69,-3.28,0.63,1.68,-8.00;4
-1.43,-7.44,-11.42,7.55,4.60,5.96,-5.62,-7.96,1.25,-1.07;3
-12.74,10.42,6.48,-4.90,-7.35,-6.41,-2.85,5.16,-0.15,-5.45;1
2.37,-6.09,-8.57,10.01,9.78,6.27,-4.31,-7.92,4.41,-0.80;3
0.97,-6.30,-5.29,-2.83,1.29,4.71,-8.37,-1.29,3.34,-8.69;2
-7.78,10.56,7.35,-3.47,-7.79,-3.71,-2.52,0.14,0.34,-5.83;1
-9.11,9.38,5.43,-4.52,-6.02,-6.31,-5.38,2.45,-0.36,-5.00;1
2.59,-12.74,-5.37,-3.26,1.38,4.08,-5.76,2.53,-0.12,-8.48;2
5.23,-6.37,-10.82,8.01,8.62,4.64,-2.62,-6.83,1.95,-0.11;3
-9.48,-0.20,-10.67,9.37,-3.60,0.40,-5.01,-1.79,0.24,-5.62;4
-8.99,-2.41,-11.14,9.48,-5.31,2.34,-4.84,0.53,0.58,-6.71;4
1.42,-6.37,-10.31,9.48,8.63,7.74,-2.75,-8.79,3.49,-2.02;3
1.21,-8.14,-4.00,-3.19,0.15,4.78,-6.09,2.06,2.36,-9.16;2
-3.33,8.77,4.70,0.47,-5.77,-7.65,-9.18,5.83,-1.82,3.87;0
2.47,-7.16,-4.28,-1.19,0.24,6.15,-5.33,0.13,4.51,-11.29;2
4.04,-7.26,-4.29,0.15,-0.10,5.21,-8.15,0.88,3.09,-10.02;2
-7.31,10.30,6.76,-6.07,-7.79,-6.22,-3.53,-1.37,-0.86,-4.41;1
2.22,-6.95,-10.50,9.65,10.13,4.53,-4.12,-8.55,4.07,-2.88;3
-7.50,10.66,7.96,-7.20,-6.48,-6.78,-5.42,1.04,-2.17,-3.19;1
-9.24,8.26,3.36,-3.96,-4.93,-6.25,-3.57,2.11,-1.02,-2.82;1
-7.23,2.41,-11.61,10.52,-4.71,3.98,-1.25,1.24,1.53,-5.94;4
-4.53,7.64,3.13,0.82,-6.93,-6.53,-6.51,5.83,3.50,3.84;0
-8.71,9.09,6.77,-6.85,-3.74,-4.77,-5.02,-1.51,-1.94,-3.52;1
6.65,-6.12,-0.60,-0.58,-0.52,6.16,-6.06,-2.32,1.88,-7.25;2
2.47,-6.61,-8.96,10.99,8.25,4.14,-3.88,-8.65,8.75,-0.18;3
1.98,-5.05,-3.91,-2.65,1.58,3.56,-7.93,-2.14,2.41,-8.82;2
-1.35,4.74,6.36,-0.64,-7.42,-8.56,-10.78,9.06,1.32,4.68;0
3.58,-8.36,-4.55,-2.12,-3.79,2.13,-5.49,1.02,4.94,-8.83;2
-6.65,0.85,-11.80,10.51,-4.05,4.37,-4.90,1.33,2.62,-6.45;4
2.74,-9.21,-4.53,-2.17,1.07,6.70,-7.08,2.05,1.40,-10.92;2
-8.38,-2.22,-8.23,10.04,-6.50,4.48,-1.24,0.40,-0.29,-6.12;4
-2.40,8.30,5.36,2.47,-5.32,-7.65,-9.24,5.86,1.36,4.73;0
-9.14,7.12,8.86,-7.50,-6.04,-7.98,-4.80,-0.76,-2.27,-4.98;1
-7.12,-1.07,-10.26,6.03,-6.11,6.19,-4.95,-1.39,1.41,-6.47;4
3.57,-8.88,-5.14,-1.18,-2.02,5.25,-3.64,0.21,0.76,-10.39;2
2.04,-9.19,-0.94,-3.38,-0.64,7.44,-6.92,-1.23,2.23,-11.76;2
-5.63,-0.25,-10.60,9.21,-5.28,4.18,-7.86,0.41,0.24,-7.90;4
-3.90,8.92,-0.22,0.44,-7.26,-8.75,-6.39,5.18,1.36,4.36;0
2.66,-8.54,-12.48,9.20,8.99,4.70,-6.46,-9.15,3.39,-0.20;3
5.18,-6.53,-4.03,-2.62,-4.46,6.82,-5.81,0.93,0.78,-9.65;2
-10.18,7.87,5.11,-6.31,-5.40,-4.94,-4.66,-1.24,-0.96,-5.41;1
1.05,-5.16,-6.92,7.23,7.51,6.51,-2.96,-8.50,4.70,-2.26;3
-1.73,11.31,4.48,2.58,-5.84,-7.48,-8.50,7.34,2.17,3.00;0
-9.70,7.61,8.83,-3.04,-8.89,-7.87,-4.33,-0.95,-0.60,-5.27;1
-10.54,10.09,3.52,-6.63,-6.41,-7.70,-5.32,-0.51,-0.92,-4.46;1
0.03,-5.12,-9.10,6.89,11.34,9.32,-3.97,-4.81,3.82,-1.77;3
-0.33,-7.80,-6.51,-4.91,-2.38,4.32,-7.44,1.06,1.09,-9.34;2
0.34,8.92,3.58,-0.30,-9.58,-9.26,-8.44,8.09,-0.35,5.50;0
0.23,-4.85,-6.79,7.11,11.35,5.95,-3.28,-8.79,5.07,-0.59;3
-8.09,11.95,4.19,-8.43,-7.30,-5.46,-3.17,2.10,-3.16,-7.65;1
4.33,-9.04,-5.80,9.18,9.17,5.87,-4.56,-6.47,2.08,-0.68;3
-1.63,8.30,5.95,-0.05,-6.69,-3.97,-10.34,6.31,2.79,4.43;0
1.57,-7.04,-1.60,-4.33,0.59,7.80,-6.95,-0.13,0.29,-9.38;2
-13.53,13.22,7.45,-5.53,-4.59,-2.82,-2.61,1.92,-1.17,-4.39;1
3.86,-8.82,-5.17,-1.24,-4.95,5.48,-8.15,-0.43,1.40,-9.61;2
-1.69,9.02,3.99,1.81,-7.01,-7.44,-9.23,9.72,2.86,3.72;0
-1.95,9.60,4.56,3.81,-5.23,-7.82,-10.82,7.02,0.82,4.07;0
-0.12,-6.52,-4.75,-3.82,-2.02,5.11,-5.43,-1.68,1.25,-9.13;2
-3.34,12.85,3.79,2.25,-4.57,-3.87,-5.75,9.14,3.56,5.05;0
-0.71,8.10,4.44,2.00,-8.06,-5.91,-9.02,7.95,0.69,3.51;0
-2.80,9.34,5.94,2.72,-6.65,-6.33,-5.23,7.24,2.32,5.74;0
-4.90,8.12,4.65,2.04,-7.55,-5.95,-10.44,7.11,2.20,4.93;0
-10.19,9.80,6.58,-5.48,-7.37,-4.57,-5.68,1.23,0.41,-3.45;1
2.20,-7.54,-4.07,-3.58,-1.39,2.57,-4.55,0.73,0.69,-6.22;2
-10.08,9.08,7.39,-6.56,-5.60,-3.43,-2.69,0.42,-1.64,-4.71;1
4.27,-7.05,-9.56,10.29,10.08,5.89,-1.82,-8.36,3.73,-1.17;3
-8.53,9.03,5.11,-3.91,-7.81,-3.89,-4.34,2.88,-0.34,-4.38;1
1.37,-4.01,-8.98,8.85,5.99,5.87,-2.65,-9.65,2.56,-0.01;3
1.48,-7.35,-7.91,9.34,7.52,5.58,-4.46,-10.71,2.21,-2.35;3
-5.78,2.54,-10.49,7.50,-6.58,0.53,-2.69,0.74,0.95,-8.40;4
-2.42,9.43,6.68,0.01,-11.41,-6.60,-6.14,9.18,2.34,3.42;0
-2.95,8.91,2.36,1.44,-5.54,-6.02,-8.09,7.40,2.03,3.17;0
2.67,-7.16,-2.85,-1.57,-1.34,6.31,-6.06,-1.00,3.78,-8.99;2
2.29,-6.81,-5.83,-0.88,-1.77,3.19,-6.17,0.34,2.09,-7.03;2
1.67,-9.11,-4.41,-1.77,-2.69,6.92,-7.28,-0.44,2.64,-10.07;2
-0.85,10.79,5.60,0.26,-4.43,-8.60,-8.38,6.19,1.93,4.65;0
-8.73,0.08,-9.84,9.44,-5.06,3.16,-3.04,3.56,2.27,-6.44;4
-6.82,1.05,-10.00,8.94,-5.32,4.33,-3.51,1.12,-0.20,-7.53;4
1.36,-8.14,-5.52,-0.15,0.38,5.74,-3.98,-1.98,-0.15,-12.34;2
-8.46,9.82,5.22,-5.28,-7.85,-7.28,-3.63,0.94,-3.14,-2.59;1
-1.97,11.32,4.59,4.32,-10.81,-5.65,-8.71,6.88,2.16,1.18;0
2.58,-6.87,-7.29,6.68,7.07,6.44,-4.65,-8.99,1.03,-1.17;3
-4.08,9.82,6.42,3.05,-5.39,-8.02,-10.97,9.58,1.54,3.79;0
1.98,-7.27,-10.45,8.49,10.97,7.02,-2.94,-7.83,4.47,-2.40;3
-6.58,-2.39,-6.14,6.35,-3.29,1.76,-4.69,1.58,2.48,-8.21;4
-10.38,10.14,8.59,-7.41,-6.91,-6.56,-6.01,1.38,-2.45,-4.47;1
1.60,-7.18,-5.75,10.39,8.17,7.02,-3.73,-7.46,3.89,0.59;3
-12.12,8.69,3.69,-4.63,-9.46,-6.29,-7.03,0.01,1.10,-3.63;1
3.36,-4.74,-10.99,8.08,10.54,5.47,-5.11,-6.52,1.75,-1.65;3
-10.13,8.31,7.21,-5.28,-4.57,-8.22,-2.82,1.38,-1.57,-3.67;1
-7.46,1.13,-11.92,8.31,-4.93,4.34,-4.05,-1.16,0.95,-7.93;4
0.93,-8.34,-10.89,9.26,10.17,7.14,-4.08,-9.78,2.66,0.53;3
3.45,-7.83,-9.12,8.02,11.63,4.04,-3.74,-8.21,4.92,-1.35;3
-2.97,9.34,5.01,4.34,-7.02,-6.46,-7.93,7.60,1.35,4.45;0
-8.22,7.08,9.03,-4.89,-4.26,-8.35,-5.96,0.27,-0.61,-1.48;1
4.54,-7.47,-10.86,9.93,11.93,7.16,-3.60,-7.43,5.81,-2.51;3
-9.19,0.06,-8.34,9.57,-2.48,7.67,-3.39,-0.59,1.61,-6.70;4
-3.55,8.40,3.85,2.20,-8.11,-5.20,-8.84,7.31,1.53,4.39;0
-1.10,8.24,4.78,1.28,-7.53,-7.34,-8.51,6.61,3.91,2.82;0
1.83,-4.87,-8.47,10.05,10.86,6.75,-5.36,-10.08,3.91,-1.45;3
2.23,-8.01,-4.67,-3.23,-2.35,2.77,-7.01,0.57,-0.17,-9.05;2
-8.19,0.58,-8.63,10.22,-3.03,2.82,-1.82,-0.67,2.33,-3.59;4
-2.45,6.84,4.19,1.90,-2.95,-8.55,-6.64,8.82,2.44,6.80;0
-5.52,-2.15,-7.05,8.76,-4.58,5.67,-1.75,1.38,1.64,-5.38;4
-8.37,9.59,6.31,-3.67,-5.41,-3.91,-6.00,0.44,-3.79,-4.52;1
-8.54,-0.25,-7.09,8.95,-7.27,0.60,-3.86,-1.42,1.91,-6.24;4
-9.08,7.99,6.97,-7.29,-4.71,-4.74,-3.12,1.04,1.28,-4.18;1
-10.70,9.67,7.34,-5.46,-7.89,-6.02,-1.72,1.17,0.08,-4.53;1
-6.61,-1.96,-12.72,6.72,-5.19,7.12,-2.95,-2.31,-0.10,-6.38;4
-9.23,-1.67,-8.28,7.67,-3.45,5.07,-4.73,1.59,-0.20,-2.95;4
-2.79,8.48,4.37,4.03,-10.20,-4.58,-10.97,6.92,1.38,5.04;0
-2.71,9.13,4.30,1.00,-6.63,-6.22,-10.47,9.44,1.87,4.19;0
1.59,-4.24,-9.88,9.96,11.46,4.10,-4.42,-6.33,5.42,-1.45;3
-7.09,9.86,7.53,-3.63,-5.69,-7.08,-4.59,0.85,-3.30,-4.39;1
4.13,-6.89,-11.79,9.62,11.22,7.56,-4.90,-7.92,2.89,-2.43;3
-10.32,11.01,7.39,-2.64,-4.59,-4.62,-6.00,1.64,-1.44,-5.00;1
2.02,-3.27,-7.49,12.26,10.64,7.71,-0.95,-7.48,3.40,0.35;3
2.69,-8.03,-1.35,-2.62,-2.08,3.98,-4.37,-0.57,1.91,-7.64;2
-3.03,8.49,4.16,5.09,-6.31,-6.24,-7.29,7.68,1.63,3.87;0
-7.86,1.59,-7.24,7.17,-4.55,3.69,-3.21,0.01,2.86,-9.14;4
0.58,-5.57,-10.63,8.48,9.99,6.07,-3.52,-9.65,4.58,-2.12;3
2.31,-6.13,-4.71,0.91,-0.61,5.29,-7.26,1.93,3.15,-9.82;2
-9.79,8.61,4.61,-7.37,-9.40,-6.48,-4.81,-0.95,-1.46,-3.63;1
-1.28,9.78,6.24,3.73,-4.81,-5.91,-9.09,7.54,3.83,2.94;0
1.53,-4.34,-6.58,10.16,8.82,9.15,-6.24,-10.15,3.56,2.18;3
-11.03,7.37,4.27,-5.13,-6.68,-5.76,-2.88,0.89,-0.37,-4.28;1
-7.04,-0.68,-9.46,10.61,-5.87,3.34,-1.64,0.81,-1.48,-5.54;4
4.92,-5.78,-7.11,8.49,9.33,7.53,-1.49,-6.95,3.56,0.87;3
4.05,-8.62,-6.22,-0.90,0.22,7.59,-4.81,3.37,2.69,-9.31;2
-2.87,9.54,2.76,4.14,-7.00,-5.20,-8.32,8.01,2.88,4.83;0
1.59,-7.23,-5.86,-1.13,-3.57,6.51,-6.50,-1.47,2.15,-11.41;2
-7.07,-0.25,-9.46,9.40,-2.32,3.63,-2.78,0.89,2.46,-7.00;4
-5.90,-0.47,-11.32,9.10,-3.97,3.36,-4.13,1.84,-0.54,-7.46;4
2.17,-7.04,-4.06,-4.06,-1.16,3.46,-3.96,-0.17,1.11,-6.69;2
1.88,-7.39,-5.81,-1.44,-0.60,5.07,-8.86,2.45,0.01,-9.96;2
-8.45,6.53,7.64,-6.96,-5.90,-6.70,-1.93,-0.82,-0.42,-4.59;1
1.13,-5.91,-3.93,-2.23,-2.05,6.76,-2.88,-1.23,1.34,-8.72;2
-2.30,6.36,5.12,1.75,-7.58,-9.27,-8.07,6.52,0.27,-0.15;0
-4.67,-0.25,-9.53,6.74,-4.79,5.33,-2.21,1.68,1.75,-6.84;4
-3.73,-6.16,-10.84,8.66,8.86,8.55,-3.31,-7.80,4.94,-0.64;3
-3.37,8.19,4.59,1.16,-7.95,-6.72,-9.22,9.58,-1.95,5.80;0
2.64,-5.87,-10.21,9.23,6.07,6.89,-2.92,-6.93,3.09,-0.73;3
0.26,-6.05,-4.16,-4.99,-0.14,6.95,-6.91,2.03,-0.65,-11.31;2
-1.15,-4.69,-8.41,8.41,10.60,8.45,-8.11,-7.40,1.54,-0.45;3
3.16,-6.65,-3.91,-0.93,-1.69,7.05,-8.45,-1.07,-0.86,-9.48;2
1.68,-5.99,-7.69,8.81,6.44,4.72,-2.56,-12.16,5.47,-0.42;3
-10.01,-1.47,-9.54,9.85,-4.13,1.50,-3.98,3.43,1.10,-6.79;4
-12.35,10.74,5.76,-4.71,-6.33,-8.65,-3.67,3.79,-0.62,-4.26;1
2.59,-6.00,-9.91,8.29,9.05,3.87,-6.44,-8.95,4.47,-2.18;3
-2.47,11.13,4.52,2.65,-8.47,-6.24,-9.12,8.80,3.80,8.05;0
-10.27,8.21,6.64,-6.08,-6.92,-7.42,-3.44,2.98,-1.15,-2.68;1
-8.04,10.71,4.93,-4.52,-6.46,-6.22,-3.81,0.27,0.43,-4.30;1
-3.88,7.77,4.54,0.90,-5.86,-4.65,-9.71,7.68,2.77,4.87;0
-0.48,-5.91,-10.03,8.04,7.66,7.27,-2.40,-8.01,2.39,1.19;3
-0.86,-8.58,-5.99,11.44,9.41,8.66,-4.15,-8.41,3.77,-1.38;3
0.19,-8.01,-3.41,-4.15,1.53,7.54,-8.36,-1.11,-1.58,-10.24;2
4.27,-3.83,-8.92,9.50,7.83,5.95,-4.21,-7.77,4.18,-0.36;3
-7.92,-0.98,-7.36,4.73,-2.97,2.43,-3.88,-0.39,3.25,-8.15;4
-9.94,8.53,8.86,-6.80,-7.92,-5.33,-5.11,-0.93,-3.53,-4.90;1
1.92,-7.68,-2.87,-1.84,-1.26,7.33,-6.20,-0.99,0.71,-10.54;2
6.41,-8.77,-6.19,-1.57,-3.99,5.35,-2.79,-2.03,-1.12,-11.32;2
0.74,-9.30,-7.77,9.50,7.80,3.87,-1.60,-5.93,-0.05,-1.88;3
-1.78,7.74,3.67,3.52,-7.38,-7.49,-10.27,7.96,5.12,2.56;0
-5.39,-2.61,-8.73,8.19,-3.58,2.13,-5.03,-0.61,0.08,-5.08;4
2.74,-6.77,-6.34,8.46,8.06,7.51,-2.52,-7.79,4.70,-1.25;3
-2.90,6.51,5.24,2.94,-7.60,-4.52,-10.68,5.13,2.36,5.73;0
1.51,-7.28,-4.18,-1.65,0.01,5.37,-5.91,-0.27,-0.37,-8.68;2
-7.54,11.86,11.38,-7.44,-6.00,-9.46,-3.09,-0.33,1.52,-5.34;1
-1.96,8.42,4.68,3.89,-6.59,-6.81,-10.88,8.44,2.99,7.41;0
2.44,-7.17,-5.23,-1.46,-0.08,6.99,-6.19,1.19,1.18,-5.99;2
-2.72,7.18,4.33,0.70,-7.75,-6.00,-6.33,7.92,0.23,4.83;0
-2.20,5.95,4.27,0.95,-8.38,-7.30,-6.14,8.28,1.17,5.02;0
4.36,-6.05,-4.39,-2.21,-1.78,5.91,-5.90,1.74,3.30,-8.33;2
2.74,-8.32,-2.57,-1.22,0.20,8.43,-6.13,1.26,0.97,-5.39;2
-0.51,-5.63,-9.71,7.33,7.66,6.82,-4.24,-10.57,4.40,-3.36;3
0.09,12.36,5.60,2.72,-9.58,-7.69,-10.02,6.39,1.77,3.45;0
3.10,-7.48,-3.92,-3.27,-0.70,5.93,-6.87,-1.06,1.18,-8.72;2
-2.38,8.78,6.39,2.35,-6.37,-7.50,-9.57,6.67,2.61,3.53;0
-0.06,-5.00,-9.50,8.39,7.63,6.74,-0.22,-6.87,2.39,0.51;3
-5.85,-2.14,-8.71,7.17,-5.38,4.67,-3.47,-2.65,-0.53,-4.84;4
1.41,-8.86,-0.72,0.13,-2.62,8.08,-6.61,0.48,1.75,-10.06;2
1.10,-4.88,-9.49,10.14,7.12,6.52,-6.88,-8.45,4.35,-1.98;3
-10.54,9.34,7.48,-6.64,-9.13,-6.97,-2.37,-0.01,-2.63,-2.79;1
-12.20,8.58,5.01,-5.55,-4.87,-5.36,-7.47,3.56,-0.92,-5.34;1
-1.57,7.73,3.03,2.70,-7.21,-5.81,-8.13,7.21,0.75,1.89;0
0.24,-5.45,-6.35,-3.68,-2.38,3.07,-5.86,2.99,5.85,-8.93;2
1.67,-8.63,-9.72,8.96,9.40,9.06,-3.79,-6.28,3.03,-1.66;3
-4.03,9.14,3.25,2.36,-8.22,-7.49,-10.33,8.30,3.31,3.81;0
-6.82,0.40,-9.40,8.43,-5.72,4.18,-5.73,0.68,1.78,-6.60;4
0.65,-8.68,-10.02,8.72,9.47,5.76,-7.44,-5.68,5.31,-0.53;3
1.78,-5.19,-4.45,-0.47,-0.91,6.76,-3.79,-0.01,2.18,-7.14;2
-9.38,6.20,7.80,-5.43,-5.60,-0.44,-7.04,3.08,-1.79,-3.74;1
-11.62,9.73,7.48,-4.73,-9.27,-7.47,-5.23,0.64,-0.64,-1.93;1
-1.37,7.63,5.94,4.01,-6.26,-4.06,-10.00,5.46,-0.65,6.41;0
-10.51,8.33,8.12,-7.81,-3.95,-5.09,-2.28,-0.20,-1.59,-6.33;1
-6.80,-2.48,-8.53,9.09,-5.48,1.01,-3.75,0.39,-0.75,-8.48;4
-3.34,11.84,2.47,-1.33,-6.22,-7.63,-10.37,8.39,2.39,3.32;0
-8.32,-1.80,-9.65,9.80,-4.83,4.54,-1.58,-0.48,0.65,-3.05;4
0.99,-6.93,-8.20,8.13,9.53,7.03,-2.47,-6.86,3.43,-1.42;3
-7.75,-1.71,-10.59,6.22,-5.05,1.95,-2.41,1.01,0.83,-7.50;4
3.19,-7.39,-4.84,-2.31,-0.17,6.76,-4.24,0.90,-0.22,-9.78;2
-8.64,8.19,7.99,-6.70,-5.98,-5.10,-3.97,1.18,-2.14,-4.47;1
0.66,-6.57,-6.71,-3.51,-1.37,8.22,-6.42,-3.02,-1.15,-9.02;2
-0.94,10.77,4.30,1.91,-9.18,-6.11,-7.98,7.23,3.71,3.66;0
-10.66,10.18,7.13,-5.50,-7.86,-6.60,-7.18,0.76,0.78,-6.39;1
0.96,-4.49,-9.05,7.01,9.59,4.89,-2.91,-4.73,2.50,-0.70;3
-9.73,-0.40,-9.67,9.76,-4.36,5.67,-1.97,-0.28,-1.76,-4.22;4
-2.47,9.76,6.82,3.41,-3.65,-8.03,-7.53,7.60,5.31,2.95;0
2.15,-8.19,-10.59,7.47,8.23,6.72,-5.10,-5.43,5.23,0.02;3
-9.57,7.94,7.62,-5.72,-9.84,-5.16,-3.95,2.30,-3.00,-8.94;1
1.76,-9.88,-5.57,-1.96,1.70,5.56,-5.51,1.71,0.63,-8.52;2
-6.40,11.40,9.53,-7.59,-6.26,-8.27,-4.96,-0.88,0.50,-4.77;1
1.95,-6.09,-3.19,-3.08,-0.55,4.47,-4.95,0.17,1.43,-9.61;2
-12.64,9.47,6.28,-8.26,-5.76,-5.26,-3.57,0.01,-0.47,-3.16;1
-11.49,11.95,6.95,-3.31,-7.46,-3.60,-2.75,1.32,-1.01,-4.55;1
-8.10,2.95,-10.68,7.77,-5.41,2.88,-4.26,0.82,-1.63,-4.75;4
-2.59,9.44,5.42,2.94,-6.05,-6.75,-9.13,7.10,1.73,5.86;0
2.62,-7.73,-5.28,-2.17,-1.70,8.43,-7.91,2.59,1.68,-8.62;2
0.53,-8.36,-9.33,8.24,8.51,6.87,-3.79,-8.48,3.96,-2.68;3
-5.70,2.27,-7.99,10.21,-1.83,3.58,-6.12,-0.06,1.52,-6.19;4
-7.76,8.08,9.22,-8.37,-5.71,-5.62,-5.11,1.13,0.56,-7.50;1
1.29,-6.35,-4.32,-2.95,-2.04,8.20,-6.57,1.33,-0.96,-7.30;2
-7.69,-0.45,-9.94,8.06,-6.48,2.60,-2.97,-0.12,-1.57,-7.01;4
-2.13,9.53,3.62,2.32,-6.44,-7.95,-6.04,8.03,0.24,5.15;0
-2.26,9.09,4.90,2.34,-7.21,-4.65,-11.24,6.08,1.87,1.70;0
5.67,-5.16,-10.08,9.13,8.81,5.96,-5.75,-8.66,6.40,-0.33;3
2.17,-9.06,-2.07,-4.71,-1.17,4.14,-5.15,-0.21,1.07,-7.79;2
-7.10,-3.30,-10.85,8.44,-4.62,2.92,-3.21,0.42,1.12,-7.26;4
-7.56,-0.05,-10.08,7.52,-4.72,2.41,-5.90,0.72,2.54,-5.00;4
2.02,-7.15,-2.62,-2.96,-1.74,5.28,-5.14,2.40,0.91,-8.92;2
-10.07,7.85,6.46,-5.29,-7.35,-6.69,-5.32,2.17,-1.80,-2.00;1
0.16,-7.02,-6.43,10.70,7.64,4.42,-2.00,-9.75,4.45,-2.12;3
-7.95,-0.84,-9.23,8.85,-3.54,2.83,-6.62,-0.32,1.00,-4.47;4
3.38,-6.09,-8.43,7.54,8.43,8.04,-3.98,-7.48,3.51,-2.97;3
2.73,-8.43,-4.71,-1.92,-0.10,7.71,-6.13,0.74,1.19,-8.80;2
-5.25,1.36,-8.53,7.45,-3.70,0.72,-4.14,1.28,2.04,-5.30;4
-11.08,7.23,7.65,-4.89,-5.50,-6.52,-1.80,-0.23,0.07,-4.23;1
-7.73,0.10,-9.78,7.93,-7.20,3.79,-2.79,1.14,2.49,-6.00;4
-8.04,-0.91,-9.44,7.31,-4.09,3.55,-2.61,-1.18,0.42,-6.64;4
-1.85,9.62,6.49,0.37,-5.86,-5.09,-11.51,7.80,1.27,4.04;0
-7.68,3.47,-10.34,7.64,-5.42,3.14,-4.26,-1.71,0.11,-6.45;4
-8.18,0.12,-12.15,8.09,-4.48,3.12,-4.61,-1.02,2.63,-6.26;4
-10.63,10.27,7.04,-6.56,-7.88,-9.28,-3.39,-1.85,-1.22,-4.57;1
3.22,-7.18,-11.08,8.67,10.25,8.88,-5.70,-8.69,3.10,0.84;3
2.15,-6.54,-3.86,-1.03,-0.16,4.41,-2.74,0.58,1.63,-7.63;2
-7.99,11.58,5.27,-7.01,-6.57,-5.87,-4.70,2.52,-0.72,-4.12;1
-1.53,8.93,5.06,0.28,-3.21,-6.69,-8.67,8.41,2.74,4.50;0
-9.26,0.51,-10.09,4.32,-4.16,3.19,-1.75,0.96,-1.28,-9.65;4
2.43,-6.01,-10.24,6.58,10.25,8.39,-5.45,-5.66,4.11,-1.21;3
1.48,-7.20,-8.55,6.56,7.14,6.71,-5.10,-6.43,4.02,-0.29;3
0.83,-7.82,-9.03,9.40,9.08,6.82,-1.26,-8.81,1.11,0.04;3
-8.82,8.15,9.92,-4.90,-7.23,-7.25,-4.05,0.14,0.31,-3.90;1
-9.91,10.80,9.10,-3.79,-8.00,-6.71,-4.43,1.23,-0.33,-5.43;1
2.95,-8.26,-4.51,-1.97,-0.10,4.08,-4.51,1.98,0.15,-10.31;2
-6.68,0.56,-10.18,5.92,0.11,3.04,-4.25,0.57,0.57,-6.12;4
-0.81,-6.16,-10.86,9.64,9.93,4.76,-2.23,-6.84,5.15,-1.18;3
-9.31,10.04,6.98,-3.83,-7.79,-7.35,-5.07,1.74,-0.01,-3.50;1
5.98,-7.14,-5.12,1.56,-2.86,5.73,-5.74,2.30,2.39,-9.82;2
-6.88,-1.29,-7.94,9.97,-6.31,2.51,-4.56,4.35,0.29,-3.79;4
0.67,-7.25,-5.09,-1.55,-0.83,6.74,-4.37,1.32,2.26,-10.57;2
-8.08,10.18,6.69,-6.21,-6.48,-11.09,-3.60,-0.24,1.03,-4.15;1
-7.42,0.49,-10.61,10.10,-6.60,4.50,-2.53,-1.06,3.91,-5.96;4
-6.10,0.12,-10.55,7.60,-2.31,3.14,-4.04,-1.01,-1.91,-6.54;4
-5.82,1.95,-10.19,8.30,-4.55,4.18,-3.74,0.69,0.57,-6.13;4
1.57,-7.73,-4.82,9.61,10.23,7.87,-6.04,-5.42,-0.08,-2.35;3
-9.57,10.12,6.25,-8.51,-7.01,-5.14,-4.36,0.13,0.12,-5.24;1
-6.22,0.41,-11.09,7.70,-3.83,4.02,-3.37,1.80,0.39,-6.03;4
-9.55,7.29,5.17,-5.46,-6.48,-7.20,-4.64,1.54,-2.14,-4.31;1
-1.32,7.65,6.74,-0.13,-6.00,-3.59,-10.32,6.47,2.17,3.41;0
2.75,-4.33,-6.45,-4.40,0.40,6.10,-4.04,0.26,0.55,-9.39;2
-10.50,9.28,7.29,-5.13,-9.03,-4.74,-3.54,2.57,-0.69,-2.52;1
2.43,-4.18,-10.25,10.30,9.38,7.21,-4.56,-6.44,4.13,-2.22;3
-7.53,-0.04,-11.12,6.70,-6.06,3.32,-3.65,2.72,1.51,-10.36;4
-4.40,10.39,7.82,3.52,-9.16,-7.61,-6.94,6.26,2.69,5.32;0
1.70,-5.79,-10.10,7.36,7.63,9.24,-3.11,-7.59,2.10,-0.26;3
-9.19,4.11,-10.04,4.86,-6.09,1.35,-2.53,0.88,1.53,-6.86;4
-2.05,10.24,5.93,1.10,-7.13,-6.46,-9.21,9.73,2.76,5.26;0
-1.32,7.13,5.08,-0.06,-6.18,-6.93,-11.26,9.07,0.92,2.95;0
-8.84,1.35,-9.26,7.61,-5.00,3.98,-3.11,0.29,2.57,-4.85;4
-6.73,-2.53,-8.17,9.57,-4.64,5.65,-3.44,-1.72,1.48,-5.94;4
0.52,-5.75,-7.85,8.77,10.48,4.41,-4.44,-5.57,3.79,-1.01;3
0.02,8.33,6.26,1.92,-7.14,-5.55,-7.86,4.96,4.24,6.23;0
-2.40,10.13,5.36,0.12,-5.58,-5.55,-9.98,7.38,3.05,3.85;0
2.72,-4.58,-8.30,8.00,10.64,4.12,-5.53,-7.54,4.46,-3.06;3
-8.99,9.79,8.57,-9.39,-9.94,-7.08,-2.27,-1.85,-5.87,-3.32;1
-1.14,-8.72,-7.68,9.00,10.22,6.26,-3.05,-9.27,4.54,0.29;3
-12.62,-0.77,-8.17,7.60,-5.52,1.69,-2.26,1.22,2.17,-8.89;4
1.11,10.19,4.61,1.58,-6.85,-6.06,-10.61,9.00,3.10,5.24;0
-2.44,11.56,3.71,2.27,-7.99,-8.86,-9.76,7.27,1.38,3.12;0
-8.58,11.69,7.98,-4.61,-6.27,-5.75,-2.04,-1.50,-1.89,-5.33;1
-5.17,-1.18,-8.95,9.09,-2.56,3.02,-4.57,0.66,2.86,-6.56;4
-7.54,0.41,-9.87,7.47,-5.71,3.22,-7.34,-1.25,-0.01,-4.49;4
1.28,-6.22,-2.62,-1.77,1.55,6.33,-7.83,2.33,0.94,-7.71;2
-5.41,-0.55,-9.06,9.28,-3.99,2.33,-3.62,1.22,-0.76,-4.41;4
-4.75,-0.85,-10.39,9.36,-3.76,4.41,-0.93,0.42,1.57,-7.77;4
1.74,-5.71,-8.28,11.73,7.02,5.98,-5.27,-7.14,1.26,-0.68;3
3.85,-8.49,-2.71,-1.62,1.90,5.08,-7.65,-0.26,4.00,-11.81;2
2.50,-4.84,-7.76,8.72,11.34,2.62,-0.83,-10.61,2.74,-1.26;3
-3.44,8.18,3.68,3.76,-4.75,-7.74,-10.09,8.03,1.19,5.11;0
-6.59,2.12,-10.70,7.79,-5.72,5.10,-3.62,2.99,1.55,-5.94;4
-9.89,8.61,8.20,-7.89,-7.82,-6.93,-2.06,1.06,-2.81,-4.64;1
-2.58,9.73,4.76,0.05,-5.39,-7.62,-11.17,6.68,4.27,5.44;0
-2.77,11.58,2.58,-0.45,-4.67,-7.19,-9.84,8.88,1.11,6.90;0
-9.86,3.18,-10.76,7.94,-4.44,2.82,-4.20,1.03,3.22,-5.15;4
-6.46,1.29,-7.55,10.94,-7.48,1.41,-4.97,-0.30,0.48,-6.97;4
-8.57,8.95,6.15,-4.66,-5.86,-5.86,-3.21,-1.81,-0.23,-3.26;1
-11.11,9.03,6.59,-5.95,-5.86,-4.18,-2.29,-1.47,-0.43,-2.18;1
-2.34,10.01,7.02,0.12,-3.68,-9.81,-9.07,8.21,2.44,3.23;0
-5.74,0.06,-9.81,5.89,-4.36,1.58,-4.96,-1.38,0.24,-6.34;4
-10.83,8.49,5.86,-7.34,-4.53,-6.72,-3.39,-0.36,-4.09,-3.77;1
-1.49,8.28,7.88,1.06,-5.77,-6.43,-6.89,9.67,2.07,3.03;0
5.91,-7.32,-7.65,6.57,8.89,5.98,-3.20,-12.13,3.93,-2.92;3
2.66,-11.22,-6.78,-2.94,-0.75,5.15,-8.38,-0.94,2.44,-8.20;2
-7.37,8.97,5.80,-6.46,-5.29,-6.57,-4.88,2.99,-2.65,-4.12;1
-8.83,9.31,4.56,-6.82,-6.76,-8.73,-5.02,1.47,0.78,-4.80;1
0.93,-8.32,-7.95,9.93,9.91,3.15,-5.21,-8.09,4.42,-0.05;3
3.06,-7.20,-8.81,9.11,9.47,7.67,-2.94,-4.93,6.99,-1.08;3
3.12,-5.77,-2.74,-1.06,-1.82,5.26,-4.85,-0.51,1.84,-8.47;2
3.47,-7.06,-6.82,10.68,9.47,5.49,-5.37,-8.10,4.54,-1.68;3
-2.07,12.13,5.95,1.48,-5.08,-7.49,-11.90,5.81,-0.78,3.63;0
-2.60,10.45,3.16,2.73,-7.68,-8.07,-9.00,5.77,1.19,2.36;0
-8.69,8.45,6.29,-4.64,-5.73,-5.93,-4.42,1.05,-1.55,-3.49;1
3.36,-7.07,-4.40,-3.98,-0.77,6.81,-7.72,0.42,2.20,-10.15;2
1.52,-4.69,-6.35,-0.89,0.13,3.13,-1.94,0.19,0.53,-11.18;2
-4.17,8.69,4.18,3.14,-4.91,-4.79,-9.68,7.01,-0.50,2.95;0
0.99,-7.39,-5.86,8.75,9.61,6.07,-5.14,-5.61,2.89,-2.89;3
4.55,-5.25,-8.93,6.26,9.28,6.32,-2.16,-5.66,2.66,0.00;3
-5.67,0.05,-10.52,8.10,-6.03,5.59,-2.58,1.18,2.79,-9.33;4
-9.52,6.78,7.39,-5.18,-6.98,-4.82,-5.61,2.19,-1.13,-4.68;1
4.83,-7.03,-3.03,-2.52,-1.88,2.34,-5.70,-0.88,0.65,-9.82;2
-6.08,1.09,-8.13,8.88,-1.80,3.32,-2.90,-1.78,-0.30,-8.10;4
-2.82,8.27,3.76,3.25,-6.34,-7.92,-7.49,7.78,3.24,5.11;0
4.39,-4.67,-10.20,10.53,8.34,3.37,-4.54,-7.45,2.99,-1.66;3
0.46,-7.81,-3.36,-2.54,-2.16,5.71,-8.30,2.01,1.54,-7.39;2
-11.66,8.74,6.26,-5.86,-5.33,-7.36,-4.33,0.47,-1.14,-4.03;1
2.59,-6.27,-7.97,9.06,9.31,7.96,-1.63,-10.31,3.70,-2.23;3
1.83,-5.36,-5.36,-2.39,-1.86,5.31,-8.27,-0.05,1.56,-8.26;2
-8.82,-1.85,-8.89,7.91,-1.59,3.31,-1.04,-1.35,-1.43,-7.98;4
4.77,-4.71,-2.32,-2.97,-1.43,3.20,-2.95,0.99,1.11,-7.08;2
-4.12,4.63,5.29,3.33,-10.42,-8.39,-7.91,10.41,2.05,3.07;0
-2.22,7.55,5.25,-0.58,-5.34,-6.17,-8.45,8.80,4.52,5.68;0
-9.00,7.96,5.76,-6.44,-5.08,-3.82,-5.12,2.11,-4.62,-5.97;1
0.81,-8.57,-7.68,-0.16,-2.17,5.51,-7.37,1.33,1.28,-11.03;2
-7.04,12.24,6.88,-4.22,-6.10,-8.34,-4.53,0.69,-2.04,-4.50;1
1.43,-7.59,-3.77,-0.88,-2.04,4.96,-6.78,-0.92,1.33,-7.91;2
2.48,-6.15,-8.09,6.24,8.86,3.94,-1.99,-8.14,3.39,0.15;3
-5.32,9.94,3.69,0.19,-7.82,-7.16,-9.75,4.02,3.37,6.07;0
-2.34,6.86,6.02,0.97,-4.07,-5.26,-9.51,9.25,2.12,5.44;0
-2.53,9.88,4.82,0.51,-5.08,-7.12,-8.88,5.92,1.36,2.83;0
3.72,-9.59,-3.89,-2.00,-0.99,4.52,-4.48,-0.32,-0.38,-12.15;2
-10.41,10.65,4.99,-5.42,-4.54,-7.10,-4.99,0.15,0.41,-3.88;1
-6.93,-1.62,-8.38,10.64,-5.08,1.56,-3.87,-2.94,1.44,-5.62;4
-8.28,8.71,5.31,-4.32,-5.05,-4.12,-4.82,0.15,-3.82,-4.76;1
-9.35,9.66,5.65,-5.46,-7.27,-6.94,-4.94,-1.65,-1.14,-3.30;1
-7.98,9.71,6.96,-7.39,-6.01,-4.78,-5.17,2.63,-1.50,-5.51;1
-1.43,8.46,7.23,1.37,-6.54,-5.48,-10.97,4.68,-0.27,6.06;0
0.77,-6.97,-2.19,-4.10,0.71,5.05,-3.38,-0.26,0.59,-8.04;2
3.00,-7.34,-2.27,-2.06,-1.23,4.36,-4.81,-2.53,2.82,-10.72;2
5.91,-7.27,-5.86,8.58,7.25,5.71,-2.34,-9.30,2.78,-0.31;3
-3.29,11.13,8.09,1.43,-7.55,-4.70,-6.47,6.54,1.39,3.74;0
4.21,-9.25,-4.82,-3.11,-1.05,5.83,-4.97,-0.38,2.06,-9.14;2
-7.96,0.43,-12.58,8.10,-7.34,1.44,-4.05,2.32,1.49,-6.28;4
-8.89,0.12,-8.55,9.19,-8.36,1.28,-4.22,1.26,1.67,-5.60;4
-8.85,-1.18,-9.80,7.79,-5.80,2.11,-4.11,0.65,0.46,-4.56;4
-10.22,8.72,3.96,-6.25,-5.26,-8.24,-2.34,1.23,-2.46,-4.39;1
-3.59,9.28,3.82,1.57,-4.37,-4.87,-10.79,8.57,3.24,2.44;0
-3.60,9.34,4.71,1.00,-3.66,-5.93,-11.88,7.60,1.03,5.44;0
-7.87,8.23,8.99,-8.05,-3.92,-6.89,-4.28,-2.34,-2.04,-5.74;1
2.77,-9.00,-6.40,-5.86,0.20,4.89,-1.62,-1.21,0.47,-9.92;2
2.58,-5.17,-9.60,7.67,10.23,6.12,-2.66,-9.41,1.02,-2.00;3
-6.42,0.94,-9.61,9.21,-8.23,3.41,-2.47,-0.85,-0.32,-9.10;4
1.28,-8.06,-1.35,-3.95,2.78,6.36,-5.87,1.00,5.64,-10.56;2
-9.46,-1.58,-10.34,6.92,-5.23,2.19,-4.99,2.14,2.77,-4.88;4
-7.56,-0.93,-8.91,9.82,-5.88,0.95,-2.71,0.89,-0.75,-7.40;4
-7.85,-3.06,-9.27,8.29,-3.87,2.19,-4.42,-1.82,-2.50,-7.97;4
1.88,-5.46,-9.62,7.74,9.65,7.84,-5.66,-8.27,1.09,-1.79;3
1.07,-5.16,-1.21,-2.73,1.00,4.12,-4.39,1.86,3.14,-9.09;2
-1.85,9.04,5.65,2.86,-7.41,-7.74,-8.69,9.65,0.16,1.96;0
-8.12,10.18,4.99,-6.25,-7.53,-4.34,-5.71,1.84,-0.02,-1.43;1
-1.28,11.32,2.96,0.60,-5.35,-6.47,-8.01,7.83,2.61,2.17;0
