-7.38,8.32,7.20,-6.17,-5.88,-8.17,-2.84,0.48,-2.44,-1.64;1
-8.36,-1.20,-9.96,7.27,-6.35,4.31,-2.94,0.48,0.10,-3.90;4
2.16,-7.40,-8.82,9.66,10.84,3.92,-2.56,-9.42,3.04,-1.35;3
-9.09,11.60,8.85,-5.50,-6.15,-6.17,-3.54,2.54,-2.27,-4.22;1
-10.82,10.04,6.59,-5.50,-9.19,-5.98,-4.07,3.79,2.40,-5.40;1
3.24,-7.06,-7.62,12.81,6.02,7.88,-3.42,-9.21,5.25,-0.34;3
2.68,-7.48,-4.89,-3.33,-1.36,4.69,-5.15,1.48,-0.82,-9.76;2
-4.97,7.58,3.66,0.27,-7.63,-6.60,-10.53,5.78,2.32,3.94;0
0.99,-6.35,-5.48,-2.39,0.06,5.95,-3.76,-3.16,3.18,-9.67;2
-9.53,9.71,7.04,-6.78,-6.30,-3.96,-4.55,1.02,-0.72,-4.21;1
-2.55,11.67,7.13,1.29,-7.78,-6.18,-10.34,7.78,3.17,6.00;0
3.68,-8.10,-4.81,-2.17,-1.90,6.02,-5.77,3.00,3.60,-11.04;2
0.58,-6.72,-9.10,-5.03,3.79,6.06,-6.33,-0.61,2.03,-6.08;2
-1.16,10.95,2.96,1.72,-8.36,-7.81,-8.91,8.72,2.94,4.37;0
-2.09,8.83,3.71,1.33,-7.43,-7.34,-7.82,6.07,1.81,3.99;0
2.74,-5.74,-8.13,9.40,8.80,7.76,-3.61,-7.65,3.35,-0.21;3
0.52,-7.67,-3.55,-0.23,0.24,7.69,-8.27,2.76,1.97,-9.92;2
0.72,-7.15,-7.25,9.78,11.16,7.91,-6.01,-7.14,3.26,-1.06;3
0.22,8.58,5.09,1.94,-5.87,-10.31,-9.26,7.13,2.40,5.32;0
-3.41,7.59,3.65,0.90,-3.26,-8.04,-8.62,7.98,2.62,6.89;0
-0.20,9.13,6.93,1.17,-6.55,-4.75,-8.44,9.35,1.13,3.83;0
-8.81,0.62,-5.44,8.32,-1.50,1.42,-2.06,0.82,0.37,-3.07;4
-5.34,0.88,-9.98,7.44,-7.93,5.49,-6.26,2.63,-1.56,-5.55;4
-11.78,8.72,5.27,-7.98,-7.75,-6.40,-5.09,-0.79,-0.85,-1.30;1
-0.60,-7.06,-7.92,11.17,11.71,7.07,-1.24,-11.60,6.79,0.04;3
-3.62,8.70,6.33,0.50,-8.84,-8.16,-7.71,7.78,3.05,3.04;0
2.66,-6.03,-10.03,10.57,9.63,6.59,-5.78,-9.70,2.70,-1.31;3
1.96,-10.47,-3.75,-3.91,-0.01,5.36,-4.72,2.42,2.86,-10.28;2
-11.37,7.20,9.06,-6.27,-5.96,-4.75,-5.30,3.16,0.67,-3.83;1
3.20,-7.56,-5.87,-3.45,-2.13,5.20,-7.44,0.95,-0.90,-10.20;2
0.40,-6.05,-2.81,-2.17,-1.30,7.83,-5.23,2.88,3.28,-7.92;2
4.51,-2.58,-7.67,10.96,9.48,4.39,-2.75,-6.69,6.64,1.26;3
-10.40,10.51,8.64,-6.11,-8.89,-6.02,-4.55,3.80,-2.23,-5.74;1
-3.78,6.83,2.66,1.25,-6.06,-4.42,-9.20,7.82,1.92,0.97;0
1.10,-10.21,-9.86,10.65,10.78,7.92,-4.19,-10.17,2.65,-0.97;3
-10.09,9.31,5.91,-5.54,-6.92,-8.03,-3.89,0.74,-1.62,-2.35;1
-3.13,5.60,2.71,4.88,-4.67,-3.79,-8.94,5.86,1.88,3.29;0
2.87,-5.67,-1.87,-4.44,0.84,2.09,-6.12,2.48,1.13,-10.01;2
0.79,-4.75,-8.71,9.35,10.27,6.35,-4.29,-10.45,3.91,-1.96;3
-4.33,9.63,3.98,2.27,-5.44,-8.72,-9.26,7.15,1.25,5.51;0
2.62,-7.02,-8.32,10.94,9.57,5.86,-4.35,-9.49,3.71,0.52;3
-10.21,8.43,7.01,-4.22,-7.05,-8.02,-4.50,-3.59,-1.11,-2.70;1
2.36,-6.06,-3.09,-3.39,-3.13,4.06,-6.31,1.80,3.25,-6.93;2
-2.81,8.74,2.48,3.39,-5.45,-5.70,-9.78,6.26,0.08,4.29;0
-4.11,11.48,4.94,3.63,-7.98,-7.88,-8.24,9.29,2.76,3.18;0
-7.21,8.67,8.60,-5.37,-5.33,-8.12,-2.07,-0.79,-0.42,-5.38;1
-9.80,7.74,6.79,-4.33,-6.85,-6.02,-3.30,-1.83,1.56,-4.13;1
1.17,-6.82,-1.77,-3.42,1.41,5.65,-5.10,-0.28,3.18,-10.50;2
3.01,-4.16,-8.65,10.76,7.31,5.51,-6.10,-10.31,3.04,-2.53;3
1.83,-8.53,-12.14,10.30,9.44,4.67,-1.92,-6.21,1.79,-1.68;3
2.91,-5.61,-3.97,-4.09,-2.42,6.66,-7.36,-0.67,1.53,-9.08;2
-2.44,10.93,4.55,3.00,-8.02,-9.75,-8.49,6.96,1.04,4.52;0
-3.21,9.09,4.88,2.11,-5.54,-6.18,-8.04,9.06,2.22,8.38;0
1.85,-7.63,-3.62,-3.34,-1.07,3.89,-7.67,0.22,0.56,-9.63;2
0.72,8.54,6.82,-1.61,-6.72,-4.27,-8.35,7.28,2.45,2.09;0
1.30,-5.97,-9.23,7.21,8.80,6.54,-5.42,-7.58,3.33,-0.65;3
-8.89,-4.11,-10.36,5.13,-3.92,3.25,-4.93,-0.35,3.77,-5.30;4
1.09,-7.74,-8.95,7.74,12.95,6.81,-2.31,-7.50,5.33,-0.27;3
-10.09,11.19,4.99,-5.66,-4.47,-4.62,-5.13,-0.39,1.93,-3.30;1
-8.57,8.37,5.95,-6.36,-5.19,-5.85,-1.44,-0.02,-3.02,-7.27;1
-12.20,-1.08,-8.27,7.27,-3.08,3.23,-4.27,2.30,1.42,-5.19;4
-6.31,-0.02,-9.04,8.22,-3.78,2.92,-3.42,0.87,1.46,-8.74;4
3.61,-6.26,-3.48,-3.92,-3.69,6.02,-5.19,-0.23,4.35,-10.42;2
3.76,-5.36,-9.33,10.95,8.50,5.21,-2.60,-7.72,2.21,0.39;3
-4.12,10.53,4.56,3.62,-5.14,-8.02,-6.49,6.51,3.52,5.60;0
-9.88,10.86,3.97,-4.26,-7.54,-7.62,-5.18,0.24,-3.49,-2.12;1
2.37,-8.14,-7.90,9.91,8.70,6.35,-2.00,-6.55,3.64,0.35;3
-0.27,-6.71,-4.64,-4.43,0.22,3.83,-7.81,3.09,1.34,-12.55;2
-4.55,8.85,4.67,4.65,-8.41,-5.13,-7.60,6.94,2.64,3.79;0
1.17,-7.80,-7.56,10.36,9.84,9.05,-5.47,-8.69,4.87,3.05;3
-8.64,10.23,7.32,-4.69,-3.87,-7.14,-5.50,1.07,-2.20,-4.82;1
-3.50,9.71,5.61,2.73,-7.52,-7.50,-8.86,5.67,0.80,6.35;0
0.24,-9.15,-8.35,10.68,11.29,6.09,-3.73,-5.33,2.99,-1.30;3
-9.14,7.52,5.75,-5.24,-6.90,-5.87,-4.71,0.03,-1.49,-7.01;1
3.01,-6.63,-4.97,-2.34,-3.51,5.91,-6.27,3.33,2.08,-5.50;2
-9.64,8.50,8.99,-8.99,-6.27,-6.31,-5.40,1.07,-1.93,-1.35;1
1.82,-9.40,-2.22,-1.75,-1.49,3.89,-5.93,-1.29,-1.51,-10.05;2
1.87,-6.12,-4.34,-3.03,0.82,6.55,-4.56,0.35,1.77,-10.67;2
-4.09,8.73,5.95,1.40,-6.87,-6.60,-9.36,8.08,1.71,3.68;0
-7.06,-1.18,-9.39,7.08,-9.54,4.97,-3.51,0.36,-1.80,-5.99;4
-3.36,7.95,4.87,1.51,-8.01,-7.25,-8.01,8.76,-0.38,3.71;0
0.49,-8.54,-3.83,1.52,-0.70,3.75,-6.56,0.08,1.31,-10.73;2
-10.33,-0.67,-9.39,8.07,-4.18,2.59,-2.90,0.10,2.09,-6.17;4
-0.42,10.04,4.02,1.07,-4.69,-6.10,-9.47,9.07,4.88,3.29;0
-11.04,8.98,6.90,-5.67,-6.41,-9.56,-4.01,0.74,-2.51,-6.45;1
-4.54,9.88,2.52,2.99,-8.82,-7.32,-9.68,9.03,2.91,2.93;0
-2.04,10.25,5.01,2.73,-7.25,-6.85,-7.32,5.08,2.03,4.43;0
-10.17,9.82,5.07,-7.64,-5.84,-8.02,-3.10,-0.83,-2.51,-1.98;1
-4.09,7.03,5.16,2.18,-8.80,-6.96,-8.92,8.43,5.18,1.04;0
2.96,-7.75,-11.52,7.99,9.72,4.72,-2.49,-7.26,4.04,-1.22;3
2.18,-6.16,-10.87,7.89,6.86,5.46,-0.33,-7.72,4.38,-0.21;3
-2.03,8.52,4.55,2.26,-5.73,-9.24,-9.20,9.59,4.15,5.44;0
-1.53,9.40,2.65,1.32,-5.56,-6.35,-7.99,7.90,4.46,4.52;0
-7.70,-1.71,-8.35,7.95,-2.35,1.93,-3.36,1.06,0.04,-5.10;4
-8.41,-1.42,-10.86,7.00,-5.91,3.68,-4.14,-1.58,1.89,-7.76;4
-6.58,-1.10,-11.35,5.53,-6.10,1.69,-3.22,-1.74,1.19,-4.63;4
-12.27,7.94,7.80,-2.67,-5.82,-6.16,-5.02,1.42,-0.15,-4.16;1
-1.29,6.89,3.90,2.15,-7.67,-7.00,-9.34,8.91,2.03,6.77;0
-0.10,8.68,4.50,2.86,-5.66,-5.50,-6.17,8.32,1.92,3.37;0
-9.29,9.65,4.19,-4.44,-6.06,-5.35,-2.44,2.93,-1.95,-2.29;1
-7.84,14.16,4.92,-4.49,-5.59,-3.96,-4.42,2.45,-0.62,-4.54;1
0.87,-7.70,-8.54,9.74,6.10,8.03,-4.30,-7.01,5.48,1.05;3
-4.27,6.48,3.72,3.19,-5.15,-6.61,-8.72,6.83,1.99,5.99;0
2.63,-4.75,-7.81,10.04,11.14,4.73,-3.65,-8.09,4.28,-0.40;3
3.32,-5.87,-5.01,-3.59,0.55,4.29,-6.59,-2.86,0.24,-8.25;2
-2.58,12.68,5.13,-1.36,-5.72,-6.04,-7.10,8.22,0.67,5.50;0
2.75,-6.83,-9.87,14.14,8.47,4.00,-4.67,-8.35,4.90,-2.22;3
-5.39,-1.52,-7.92,7.77,-3.76,4.95,-3.45,1.46,1.22,-7.56;4
-3.13,-8.49,-10.53,9.26,7.95,6.93,-4.47,-6.51,7.28,-4.05;3
-4.40,8.66,6.07,2.38,-6.50,-7.49,-7.75,9.55,3.92,5.34;0
-9.71,7.78,5.57,-3.72,-6.44,-8.31,-5.08,1.98,-0.72,-5.39;1
-10.40,8.90,6.37,-5.69,-5.12,-7.27,-3.51,1.70,-1.44,-3.76;1
-6.03,-3.21,-8.86,9.24,-2.68,1.54,-2.31,0.58,0.65,-6.30;4
4.29,-5.05,-5.23,-2.72,-1.24,5.82,-5.45,-2.75,0.81,-4.62;2
0.13,-6.08,-3.67,-3.34,0.65,5.22,-7.35,2.96,4.03,-9.48;2
-8.00,8.58,4.68,-5.16,-6.50,-6.00,-2.75,-1.67,0.97,-4.53;1
-1.82,8.40,5.17,2.06,-7.16,-7.49,-8.02,8.28,0.98,4.64;0
-2.35,4.23,3.31,0.18,-5.14,-8.26,-6.31,7.94,3.72,7.55;0
1.09,-5.72,-10.44,6.23,7.13,4.53,-3.01,-9.06,4.05,2.07;3
3.73,-4.89,-9.28,8.80,6.78,5.13,-4.33,-8.38,5.13,-2.43;3
3.71,-6.79,-4.39,-4.11,-2.99,4.86,-6.01,-0.69,2.37,-7.40;2
1.29,9.20,2.27,1.84,-7.47,-7.12,-11.29,7.37,0.71,6.37;0
4.31,-6.06,-7.10,9.62,8.87,5.57,-5.20,-8.32,3.97,-0.98;3
2.21,-5.58,-2.13,-1.72,-1.30,6.40,-6.03,-0.78,5.01,-10.52;2
-9.64,10.13,6.18,-5.58,-4.59,-6.68,-3.86,1.13,-1.28,-4.76;1
3.19,-6.60,-6.95,-1.41,0.76,4.88,-7.42,0.62,3.76,-8.73;2
-9.97,9.01,6.93,-6.82,-6.73,-7.61,-2.64,2.27,-3.13,-5.11;1
0.85,-4.39,-8.89,8.47,6.71,4.52,-2.06,-6.17,4.94,-1.50;3
1.87,-6.25,-11.89,11.00,10.26,7.31,-4.78,-6.31,4.83,-1.89;3
-6.47,0.49,-9.54,9.87,-3.43,0.68,-4.38,-0.72,1.02,-6.33;4
-5.77,-0.08,-9.68,10.25,-4.17,3.23,-2.95,2.26,1.75,-5.50;4
-9.16,0.18,-9.98,8.59,-4.97,2.51,-2.93,2.25,-0.62,-4.44;4
2.46,-6.97,-2.19,-4.34,-3.28,3.16,-4.74,-0.02,-1.41,-7.73;2
-3.82,11.09,3.98,3.22,-6.08,-3.93,-8.38,6.93,3.74,2.31;0
-2.31,13.21,5.53,-1.42,-6.94,-5.02,-7.91,7.92,2.88,3.90;0
0.81,-9.42,-5.31,-1.90,0.68,7.42,-4.45,1.11,1.74,-7.99;2
-8.42,0.24,-7.96,7.07,-6.15,3.80,-4.40,0.81,1.33,-4.19;4
-9.05,10.03,6.86,-5.55,-6.61,-6.00,-1.77,1.87,0.29,-5.25;1
-12.84,7.71,5.15,-6.42,-3.87,-7.84,-4.48,1.33,-0.92,-3.73;1
-0.97,9.98,3.58,-0.70,-8.99,-7.39,-7.28,5.64,2.76,2.95;0
-7.02,8.60,5.40,-4.81,-6.46,-4.33,-4.27,2.08,-0.57,-3.62;1
-6.89,12.37,6.30,0.81,-6.95,-5.77,-11.86,7.94,2.73,5.50;0
-0.71,-7.49,-5.09,-1.65,0.39,6.33,-4.47,-1.26,1.35,-7.43;2
-1.80,9.07,1.82,4.61,-8.62,-7.75,-6.96,4.85,1.94,3.16;0
2.27,-5.70,-6.76,8.30,9.70,8.37,-4.31,-7.72,3.07,0.16;3
-2.89,8.86,5.31,-0.61,-7.48,-7.11,-8.40,9.50,2.37,2.14;0
1.78,-5.22,-3.09,-0.87,0.72,4.76,-5.19,2.36,2.30,-10.39;2
-8.01,6.45,9.59,-5.94,-6.11,-7.92,-2.78,-1.40,-1.04,-3.15;1
-8.61,9.72,5.51,-9.34,-6.49,-6.75,-4.95,0.93,-2.01,-5.20;1
-8.99,-1.41,-6.44,7.17,-4.98,4.07,-6.22,2.55,3.58,-7.33;4
3.18,-7.39,-7.06,10.84,8.85,8.20,-6.08,-7.86,4.52,0.66;3
-3.01,7.74,4.79,2.01,-9.34,-8.06,-7.75,6.65,2.71,2.59;0
3.74,-6.21,-3.34,-4.43,-0.61,9.44,-4.84,2.10,0.76,-9.18;2
-0.02,9.33,3.23,0.69,-8.19,-6.74,-10.10,7.98,1.84,3.35;0
0.32,-5.17,-10.01,12.23,9.35,6.03,-5.94,-6.38,1.51,1.15;3
-8.45,-1.23,-9.24,8.03,-3.95,3.82,-4.96,-0.30,4.85,-5.13;4
-7.61,-0.86,-10.92,11.22,-6.21,3.87,-2.30,1.50,2.33,-5.49;4
1.66,-9.12,-4.80,-2.22,1.32,4.84,-6.40,1.94,-0.32,-9.87;2
2.73,-5.14,-6.75,8.28,10.28,5.91,-4.16,-6.78,2.17,-3.56;3
3.12,-9.46,-7.57,9.32,6.09,6.14,-6.29,-7.78,4.02,-0.99;3
1.43,-9.82,-5.31,-2.45,-1.37,6.01,-6.63,-1.58,0.84,-9.65;2
4.56,-7.42,-4.87,-4.42,-1.07,6.74,-3.44,1.55,1.19,-5.62;2
-9.19,7.97,6.73,-6.78,-2.89,-5.76,-3.86,3.21,-1.17,-3.99;1
-1.98,11.04,5.86,3.57,-7.07,-7.68,-8.30,6.49,4.22,4.73;0
-9.79,1.04,-10.05,8.60,-2.60,1.85,-3.31,0.62,1.79,-8.19;4
-9.01,-1.73,-10.30,10.69,-5.64,3.58,-3.14,-0.37,-1.83,-6.67;4
-4.31,8.93,3.48,-1.97,-7.92,-5.97,-9.48,7.11,3.58,5.45;0
-5.81,-1.10,-9.41,7.98,-4.80,2.08,-3.57,0.83,1.29,-5.23;4
-3.17,8.44,7.76,2.40,-6.80,-9.42,-10.37,7.09,0.69,5.29;0
-7.41,9.32,5.39,-4.57,-8.26,-6.59,-3.38,0.49,-1.75,-3.37;1
-2.78,11.31,5.37,1.53,-8.26,-8.58,-10.78,8.78,3.20,4.94;0
0.70,-6.11,-9.44,6.47,8.93,8.65,-4.53,-8.09,6.11,-0.64;3
-8.79,0.83,-7.88,6.49,-6.77,2.60,-3.27,2.94,3.25,-8.94;4
0.82,-8.12,-4.08,-1.11,-2.65,3.08,-5.62,2.10,3.67,-10.47;2
-2.08,8.77,3.70,1.22,-3.96,-7.71,-7.27,9.36,3.10,4.59;0
-1.83,10.62,5.03,3.17,-5.82,-6.12,-9.83,7.58,0.75,4.19;0
1.97,-7.80,-9.16,10.45,8.75,7.34,-4.20,-9.17,5.64,-3.96;3
4.71,-8.00,-4.02,-2.20,-0.92,5.16,-3.34,-2.46,1.80,-10.98;2
-11.12,1.18,-12.72,3.92,-3.42,2.77,-3.00,-3.21,0.89,-4.56;4
-1.90,10.45,5.33,5.24,-6.18,-8.86,-8.26,8.40,3.61,3.52;0
-7.72,0.88,-9.73,8.61,-4.63,1.98,-2.92,2.12,-3.39,-5.76;4
0.63,8.53,2.67,0.81,-6.70,-7.14,-10.94,7.78,0.27,5.32;0
-10.94,10.41,8.21,-8.32,-3.95,-9.27,-4.60,-2.22,-2.61,-4.09;1
-7.95,10.78,5.06,-6.07,-7.43,-7.33,-2.63,2.38,-2.56,-5.75;1
-11.64,0.08,-11.04,8.05,-4.10,3.88,-4.67,1.09,0.69,-7.23;4
-7.14,-0.00,-10.25,6.69,-4.83,2.20,-4.00,-0.24,-0.02,-5.53;4
2.48,-7.00,-10.81,5.60,9.12,3.67,-2.88,-7.68,4.37,1.26;3
-10.02,10.19,7.78,-7.93,-6.33,-5.41,-5.91,0.74,-3.08,-5.94;1
-1.59,9.35,4.85,3.52,-5.45,-6.70,-9.54,7.46,1.27,4.35;0
2.97,-7.81,-9.84,8.26,9.19,7.88,-3.08,-4.64,4.23,-1.06;3
-2.18,8.06,3.13,4.35,-5.52,-9.36,-4.69,8.10,0.22,3.87;0
2.14,-4.86,-7.17,6.73,11.10,5.05,-5.14,-6.33,2.84,-3.65;3
-0.28,-6.70,-4.35,-2.07,-0.11,3.94,-4.88,0.92,4.61,-7.67;2
-8.66,6.87,9.59,-6.62,-8.32,-8.83,-2.45,0.36,-0.32,-4.90;1
-7.63,10.03,5.58,-7.98,-7.72,-7.36,-5.67,2.42,-1.90,-3.69;1
1.28,-5.61,-10.31,9.11,11.68,4.54,-4.26,-8.55,4.90,-1.52;3
-2.49,9.73,4.24,-0.78,-7.53,-5.69,-9.28,6.95,3.50,3.09;0
-0.77,10.65,4.21,3.22,-4.40,-6.77,-10.18,8.53,1.04,3.15;0
0.55,-8.70,-5.66,-2.77,-1.53,4.86,-8.23,0.85,-1.08,-9.36;2
-6.31,2.34,-11.22,7.31,-4.40,4.29,-2.10,1.66,2.38,-3.32;4
-1.44,8.43,4.36,2.27,-6.86,-6.81,-6.99,9.73,-1.07,4.55;0
4.17,-7.62,-1.71,-1.78,-2.52,4.22,-5.59,3.40,1.40,-10.24;2
2.20,-7.90,-4.10,-2.44,-0.96,5.44,-5.87,0.38,1.58,-6.98;2
3.53,-8.45,-8.69,9.04,7.66,6.66,-4.78,-7.77,3.55,-2.08;3
1.96,-8.51,-5.40,-3.77,-2.14,6.20,-6.91,-1.33,1.72,-9.38;2
-3.85,9.90,4.17,4.89,-5.62,-8.81,-11.12,10.13,2.57,5.64;0
1.25,-7.82,-7.04,8.51,8.36,7.16,-7.15,-5.61,5.34,-2.25;3
1.56,-7.58,-3.49,-2.69,-1.46,4.54,-9.42,2.29,0.37,-9.84;2
-8.73,8.39,9.16,-4.50,-6.62,-5.07,-5.67,0.13,-3.64,-5.38;1
0.86,-10.77,-5.06,-4.03,-2.84,3.17,-5.55,0.19,3.13,-7.38;2
-8.65,0.31,-8.88,7.65,-2.11,2.81,-1.43,1.37,2.58,-4.14;4
-1.61,10.96,5.41,-0.13,-8.85,-10.94,-8.54,5.73,1.17,3.68;0
-11.48,10.10,6.93,-6.89,-7.57,-6.86,-3.47,0.65,-0.84,-2.04;1
-4.84,6.93,6.65,3.30,-5.48,-4.75,-8.14,10.03,0.46,1.70;0
3.07,-5.77,-6.50,9.89,11.31,7.02,-3.67,-6.45,3.48,1.64;3
-2.44,10.21,3.05,2.97,-7.79,-7.61,-9.88,7.77,3.58,5.44;0
-9.10,7.12,4.63,-6.39,-6.05,-8.07,-3.11,1.05,0.28,-5.21;1
-10.46,-0.58,-9.92,6.62,-4.95,4.19,-3.45,2.68,0.14,-7.52;4
-7.43,-0.80,-10.90,6.10,-6.99,0.96,-0.98,0.15,-0.28,-7.52;4
-4.25,8.87,7.09,1.69,-6.69,-9.50,-7.01,5.27,0.87,5.43;0
1.05,-11.02,-6.26,-2.74,-2.58,4.89,-6.27,-1.51,2.52,-8.49;2
1.91,-7.48,-10.54,10.93,8.26,6.11,-4.28,-7.88,3.54,0.86;3
-8.60,9.27,8.49,-7.08,-7.31,-6.16,-2.84,0.86,-1.63,-2.87;1
1.25,-6.27,-6.09,9.72,8.61,6.66,-3.78,-10.28,3.72,-3.19;3
2.29,-3.56,-2.88,-2.65,0.59,5.92,-6.54,-1.76,3.64,-5.88;2
-4.31,7.33,2.15,1.80,-5.73,-3.05,-7.71,6.06,3.60,5.40;0
-9.95,7.65,4.47,-5.61,-6.39,-5.79,-2.56,3.67,-1.11,-2.30;1
-7.37,13.58,5.83,-6.07,-6.33,-5.49,-4.26,2.62,0.51,-6.51;1
-15.03,11.38,6.71,-6.68,-6.70,-2.74,-1.09,2.33,-4.06,-4.60;1
3.71,-9.25,-5.01,-4.81,0.10,5.52,-4.95,-1.48,0.93,-6.60;2
3.74,-7.08,-2.23,-2.08,-2.80,6.05,-8.48,2.36,3.80,-8.38;2
-3.25,6.14,4.34,2.36,-6.61,-7.26,-7.41,7.79,2.93,1.41;0
-5.79,1.03,-10.60,6.96,-5.09,0.44,-6.46,-2.53,1.78,-6.28;4
-8.79,11.15,6.37,-4.56,-8.72,-6.56,-2.75,0.66,-2.57,-4.82;1
-2.58,10.75,5.30,2.92,-7.11,-10.72,-9.33,7.29,1.73,4.05;0
-10.38,8.80,6.80,-2.95,-5.50,-6.05,-5.43,-1.41,-2.52,-5.93;1
2.23,-4.98,-5.85,-1.24,0.83,7.92,-6.48,0.97,1.21,-9.33;2
-0.62,12.67,7.18,0.18,-7.49,-6.91,-8.97,7.43,5.63,2.54;0
3.75,-5.83,-9.87,9.19,10.39,7.61,-4.87,-10.43,5.52,-1.21;3
-8.19,10.19,6.80,-5.49,-7.98,-7.73,-4.37,1.34,-1.33,-4.93;1
1.89,-6.59,-3.74,-0.33,-0.14,3.24,-7.15,1.77,2.68,-9.73;2
4.54,-5.26,-10.81,8.79,6.90,5.72,-3.34,-9.07,4.41,0.02;3
-7.54,-3.04,-9.61,8.23,-7.00,2.11,-2.62,3.63,1.16,-4.64;4
-9.98,11.13,7.75,-3.48,-7.66,-6.82,-3.69,1.92,-0.20,-3.92;1
-7.12,11.25,6.65,-3.60,-4.30,-4.63,-5.79,1.81,-4.01,-5.34;1
-7.45,1.69,-10.88,7.51,-6.69,2.27,-3.76,-3.19,-1.52,-6.19;4
-1.94,4.53,7.84,1.12,-7.65,-5.76,-8.14,5.03,2.09,4.80;0
-7.67,-2.45,-7.83,8.97,-4.45,5.25,-3.61,-0.47,0.87,-4.69;4
-9.17,11.02,6.79,-5.34,-5.58,-7.12,-1.19,1.81,-3.65,-6.38;1
2.19,-7.97,-4.57,-4.81,-0.99,7.57,-6.81,-0.06,3.89,-8.42;2
-5.80,0.88,-9.42,9.66,-4.61,3.05,-4.60,-2.00,0.08,-4.97;4
-2.01,10.97,4.10,2.15,-8.92,-8.03,-9.34,5.73,4.01,2.90;0
-4.54,8.96,2.58,1.86,-7.59,-6.53,-7.90,7.69,2.70,4.00;0
3.81,-4.83,-5.53,-3.13,1.96,5.16,-6.49,4.09,2.62,-5.09;2
0.57,-6.56,-4.44,-1.03,-2.68,5.54,-5.45,0.34,4.09,-11.73;2
3.04,-5.80,-10.03,8.24,10.87,6.83,-3.51,-8.28,5.12,-0.47;3
-10.57,3.98,4.42,-5.15,-7.11,-5.62,-5.00,-0.77,-1.70,-6.50;1
0.01,-7.70,-6.75,-2.23,1.80,5.81,-4.00,-0.11,3.79,-8.84;2
-5.15,-2.44,-4.58,8.34,-4.70,2.45,-6.00,-0.92,0.38,-4.02;4
-9.36,-2.26,-8.32,6.40,-5.68,4.30,-1.60,0.82,4.52,-4.56;4
-6.82,8.32,7.16,-6.76,-7.06,-5.08,-3.24,-1.17,-1.92,-5.36;1
-7.05,0.49,-10.09,10.14,-5.19,3.08,-6.48,-2.08,2.40,-5.53;4
-5.66,7.28,3.74,2.70,-8.79,-8.96,-9.50,6.83,2.14,6.03;0
2.29,-5.37,-2.70,-1.61,-1.16,7.44,-7.47,1.95,3.38,-9.77;2
3.80,-7.50,-6.55,12.03,9.81,8.29,-4.99,-8.10,3.90,-0.32;3
-9.19,-0.26,-8.43,10.13,-6.21,5.66,-4.22,3.37,3.22,-6.46;4
3.68,-5.99,-6.58,8.98,8.51,6.72,-4.75,-8.89,2.66,-2.07;3
-9.28,1.47,-8.45,8.77,-6.44,1.66,-3.18,-1.99,-0.45,-5.47;4
-6.73,-0.13,-9.88,10.26,-3.80,1.01,-2.15,0.26,0.36,-5.47;4
-6.75,-0.55,-9.24,6.43,-6.24,2.87,-2.33,-0.20,2.13,-7.06;4
0.04,-8.41,-3.97,-5.23,-0.24,7.83,-4.03,-0.91,4.34,-10.92;2
-3.78,8.25,3.93,1.45,-7.52,-6.69,-9.86,7.98,0.76,2.26;0
3.12,-5.37,-3.08,-2.21,-2.14,5.49,-6.78,2.61,1.47,-8.36;2
-7.87,2.33,-9.55,10.76,-5.10,5.08,-4.68,-1.30,2.17,-6.92;4
-8.33,1.36,-10.28,9.16,-4.40,3.09,-2.23,0.68,2.16,-4.02;4
-1.68,9.79,6.53,0.19,-8.27,-5.06,-7.13,4.14,2.71,7.10;0
-7.37,-0.91,-10.78,7.32,-2.08,3.54,-5.01,-1.36,2.02,-5.61;4
-10.18,7.16,4.88,-4.01,-7.39,-4.44,-3.65,-1.57,-1.50,-5.62;1
1.06,-2.85,-9.93,7.63,11.24,6.14,-4.62,-8.49,0.87,-1.71;3
4.94,-6.36,-7.46,9.85,8.93,5.38,-5.47,-6.67,1.89,1.90;3
0.78,-4.74,-8.38,9.57,10.43,8.48,-4.91,-8.68,-1.13,-2.69;3
-1.33,10.84,4.88,4.82,-10.31,-6.67,-6.90,6.25,2.30,0.24;0
-7.26,-0.32,-7.32,7.17,-3.87,1.69,-1.21,-2.60,2.82,-8.12;4
-9.49,11.63,7.67,-6.24,-6.83,-5.87,-2.82,2.65,-2.37,-1.36;1
-9.66,8.03,9.50,-6.54,-8.21,-4.37,-3.04,0.07,-3.80,-4.18;1
-2.47,8.89,4.58,-0.31,-4.00,-7.95,-10.09,4.38,1.24,5.54;0
1.50,-6.39,-7.54,9.54,10.87,5.08,-5.38,-10.83,4.32,-1.45;3
2.09,-7.96,-4.84,-5.88,-0.01,4.81,-9.17,1.37,1.91,-9.45;2
0.36,-7.38,-4.21,-0.96,-2.08,7.65,-6.13,0.05,0.41,-10.36;2
-10.62,8.51,5.47,-7.02,-9.52,-6.53,-2.92,-0.74,-1.82,-5.57;1
4.41,-8.67,-1.69,-2.63,2.44,7.54,-5.22,-0.35,-0.70,-10.11;2
3.08,-3.79,-13.03,10.76,10.01,6.38,-5.59,-8.00,5.20,0.46;3
2.17,-6.56,-5.13,-3.13,-0.23,6.41,-7.22,0.07,-1.17,-7.34;2
-9.13,9.82,8.86,-5.01,-5.65,-6.70,-6.02,2.49,-3.81,-3.54;1
-8.25,0.23,-7.60,7.85,-5.39,3.38,-5.51,1.64,-1.98,-8.26;4
-1.92,5.59,7.23,0.77,-6.43,-6.88,-8.54,6.92,3.44,4.70;0
-7.98,-2.13,-9.46,8.32,-5.57,2.74,-5.56,0.61,-2.01,-3.45;4
-7.43,0.89,-8.83,8.72,-2.50,4.09,-5.21,-0.25,0.50,-6.25;4
-6.62,-0.26,-10.90,8.42,-5.79,3.05,-4.10,0.22,-2.28,-8.12;4
0.75,-9.30,-8.98,5.36,7.00,6.30,-3.21,-9.72,4.57,-2.19;3
1.76,-5.01,-3.06,-6.69,-5.07,4.39,-10.34,2.11,-1.64,-8.08;2
-7.16,8.51,7.40,-3.91,-5.18,-5.82,-4.65,0.92,-3.07,-2.89;1
-5.52,-0.24,-10.49,9.37,-5.71,2.16,-4.35,2.14,2.09,-5.81;4
3.96,-5.03,-9.22,10.78,8.03,5.68,-6.18,-6.52,4.38,-1.27;3
-3.61,9.37,2.82,0.92,-9.51,-8.10,-7.80,8.11,2.61,3.69;0
-3.15,9.10,5.19,2.90,-6.65,-8.12,-8.24,6.14,1.12,3.12;0
-10.08,9.73,7.25,-1.95,-7.53,-7.31,-4.18,-1.78,-0.39,-4.10;1
-6.85,-2.74,-8.11,8.82,-5.06,2.30,-4.56,0.30,3.26,-8.45;4
4.60,-9.06,-8.51,9.15,10.75,7.21,-3.87,-6.28,3.10,-4.51;3
3.89,-7.91,-2.77,-1.62,-1.66,3.98,-4.28,-0.54,2.05,-7.84;2
0.26,-7.97,-3.68,-3.74,-0.06,4.81,-4.24,-2.17,0.16,-7.51;2
-10.54,6.03,7.56,-6.36,-3.96,-4.55,-4.28,0.23,-3.46,-4.86;1
-1.99,9.33,2.70,1.73,-7.94,-7.49,-8.96,7.64,0.74,3.17;0
-3.79,6.17,2.91,4.06,-5.49,-7.02,-8.94,5.24,3.57,3.29;0
-6.96,10.83,5.37,-4.66,-3.28,-5.38,-2.25,-1.15,-1.98,-3.24;1
2.36,-5.41,-9.34,9.06,8.73,4.46,-3.03,-6.43,2.62,-0.87;3
2.30,-4.12,-8.22,7.19,12.74,4.51,-4.01,-9.07,3.14,-2.82;3
-2.78,7.44,3.82,6.26,-6.51,-5.70,-7.35,7.64,2.29,5.13;0
3.04,-6.39,-9.10,10.17,8.42,7.75,-5.30,-11.85,4.63,-2.11;3
-7.90,-0.74,-10.05,8.05,-3.60,4.19,-6.21,-0.04,-0.16,-6.96;4
-6.77,1.14,-10.71,9.02,-4.24,4.10,-2.14,3.69,-0.51,-5.70;4
-8.96,-1.19,-12.68,7.34,-6.82,3.81,-4.99,0.65,-0.03,-6.80;4
-10.19,10.82,5.43,-6.33,-7.03,-6.99,-3.28,3.65,-0.90,-4.50;1
4.18,-5.84,-2.49,-2.75,0.61,8.63,-6.89,-2.43,2.29,-9.04;2
-5.55,9.74,4.28,0.21,-6.64,-8.13,-8.17,6.29,0.81,4.30;0
2.40,-9.31,-6.85,-2.36,0.45,7.69,-4.95,-0.58,1.89,-10.32;2
4.51,-9.70,-5.93,-2.41,-0.49,6.80,-4.29,-0.22,3.48,-7.37;2
3.05,-6.25,-2.99,-0.74,-3.05,6.21,-7.30,0.67,2.35,-12.50;2
-3.12,11.23,6.31,2.98,-4.81,-8.64,-7.40,8.18,0.11,3.08;0
-6.00,1.83,-9.60,13.02,-3.26,2.01,-3.68,-0.10,2.39,-6.78;4
5.32,-10.01,-3.21,-3.48,-1.83,4.67,-7.03,-0.79,-0.18,-10.50;2
-7.83,-0.86,-8.19,9.12,-5.91,5.71,-3.81,3.36,2.27,-7.53;4
2.22,-8.05,-4.91,-6.27,-2.05,7.05,-5.76,1.22,0.81,-9.91;2
-1.21,10.59,4.92,3.30,-5.14,-7.10,-10.12,8.19,-0.46,6.56;0
-9.88,8.22,5.41,-6.86,-8.04,-6.25,-1.23,-1.47,-0.76,-4.00;1
2.36,-7.15,-6.53,-2.52,-2.59,6.43,-5.72,2.79,2.37,-6.92;2
-1.70,8.43,3.26,2.10,-6.01,-9.60,-6.80,2.90,3.51,5.34;0
-9.77,7.57,5.96,-6.64,-5.90,-7.47,-1.74,-0.11,2.04,-3.22;1
-10.05,11.19,5.09,-6.47,-6.35,-4.69,-5.83,0.30,-3.90,-4.20;1
-3.48,8.07,3.95,1.30,-10.64,-6.75,-9.29,6.25,2.16,4.15;0
-8.66,10.19,8.32,-5.59,-5.11,-5.86,-3.76,-1.57,-2.15,-3.65;1
-7.23,-1.11,-9.43,7.66,-4.50,4.49,-5.09,-1.37,2.71,-6.19;4
1.02,-5.95,-9.65,9.48,5.76,6.80,-2.49,-7.15,3.10,-1.22;3
-9.49,-1.97,-8.89,6.41,-5.31,1.88,-1.55,-0.62,2.75,-6.13;4
-7.87,13.56,4.71,-7.38,-6.73,-7.12,-1.25,-0.71,-4.19,-3.78;1
2.76,-6.15,-3.35,-1.96,-1.19,3.07,-5.72,0.42,3.11,-8.96;2
3.10,-6.38,-2.59,-2.82,-2.32,5.88,-4.62,-2.04,1.89,-9.78;2
2.14,-7.18,-8.49,8.11,9.26,5.63,-6.41,-7.40,3.90,-0.46;3
-0.54,-7.14,-4.47,-1.22,-1.04,7.67,-7.65,2.10,1.32,-8.46;2
1.94,-6.70,-4.57,-3.60,-0.02,8.89,-6.51,0.12,1.24,-10.54;2
3.02,-5.63,-4.53,-4.67,-3.16,2.50,-2.59,1.97,2.21,-8.58;2
2.07,-6.82,-6.02,-4.68,-1.15,4.00,-6.45,-1.62,0.60,-6.15;2
-0.81,9.99,4.01,3.18,-3.76,-6.41,-6.71,8.60,1.58,4.46;0
-8.24,0.38,-6.75,8.15,-2.53,2.64,-6.66,-0.48,1.13,-3.57;4
-2.99,8.52,4.16,0.03,-4.26,-5.38,-8.46,8.55,3.15,2.67;0
-4.81,12.29,3.19,1.73,-6.49,-7.31,-9.27,7.96,4.31,5.31;0
1.14,-7.86,-11.42,7.40,9.51,8.28,-4.33,-7.43,3.94,0.18;3
-11.49,9.99,5.34,-5.94,-6.32,-7.23,-5.72,0.60,-3.26,-3.77;1
0.11,-5.41,-1.66,-1.47,-2.55,6.27,-6.96,-0.02,0.72,-8.16;2
3.48,-7.44,-7.66,7.07,11.13,7.75,-2.68,-7.75,3.39,-0.23;3
-0.21,-7.31,-11.84,7.77,8.21,5.23,-3.77,-5.39,2.73,-1.73;3
-7.15,1.28,-9.75,9.49,-4.33,3.63,-3.21,-1.81,-0.08,-5.32;4
-0.23,6.13,7.07,2.86,-7.66,-5.42,-7.69,8.46,2.45,4.70;0
2.75,-3.76,-9.10,10.29,13.23,9.26,-4.08,-9.96,5.03,0.87;3
4.71,-6.22,-4.10,-1.22,-1.28,4.44,-5.30,0.64,0.88,-10.42;2
2.60,-6.16,-12.36,7.21,9.49,8.12,-5.36,-12.09,1.53,-2.70;3
2.70,-6.04,-7.76,10.94,10.16,5.96,-3.11,-7.18,6.67,-4.83;3
-7.38,-0.93,-9.75,10.74,-5.92,4.40,-5.49,-1.41,2.14,-3.60;4
-9.33,7.47,7.43,-6.61,-3.81,-8.12,-5.26,-0.03,-3.87,-4.40;1
-0.71,-4.47,-9.42,7.52,8.88,5.13,-6.79,-8.11,2.01,-1.05;3
-8.53,7.80,4.93,-4.50,-7.32,-6.49,-4.70,-0.50,-0.63,-5.68;1
-9.00,9.96,7.99,-6.51,-8.93,-3.94,-3.67,-0.21,-0.90,-3.52;1
1.44,-6.05,-5.24,-0.44,-1.68,6.36,-3.51,-0.70,1.64,-6.44;2
-0.54,-9.41,-2.96,-2.45,-4.59,5.80,-10.45,-0.93,-0.12,-9.93;2
1.95,-6.90,-6.75,-3.48,-0.92,6.15,-7.99,0.96,3.43,-6.34;2
0.19,-6.39,-8.17,9.93,9.31,6.39,-6.42,-9.30,2.30,-3.02;3
-5.66,10.04,4.47,2.82,-7.87,-6.95,-7.77,11.99,3.23,2.89;0
0.90,-9.14,-8.96,9.65,6.58,3.93,-4.08,-8.59,3.87,-0.21;3
-7.73,-0.43,-8.70,8.00,-4.92,4.47,-5.11,1.55,-0.50,-6.95;4
-8.49,0.23,-6.76,6.84,-4.32,2.75,-4.87,1.43,-0.99,-4.68;4
-8.76,1.70,-10.17,7.76,-2.68,5.12,-4.78,0.80,1.39,-7.64;4
-9.31,-0.94,-11.45,7.65,-5.08,1.42,-4.60,1.27,4.29,-6.80;4
-2.92,12.92,5.35,1.33,-8.35,-5.38,-8.98,5.50,1.47,3.69;0
-9.86,-2.56,-12.90,8.22,-4.65,3.80,-4.17,3.86,0.78,-8.11;4
-2.93,8.82,1.90,2.04,-7.61,-5.93,-10.18,8.35,2.84,4.40;0
-2.01,-7.35,-9.09,9.82,9.92,6.60,-2.12,-8.40,6.19,-2.87;3
-5.84,-1.12,-11.73,10.12,-3.72,2.20,-3.56,-1.08,-2.57,-7.02;4
-0.69,-7.73,-5.42,-3.82,-1.74,5.98,-6.02,1.44,4.35,-8.95;2
-3.41,7.44,4.26,5.73,-6.89,-8.55,-7.15,4.84,2.87,3.00;0
-6.27,-0.45,-11.20,5.79,-3.52,1.89,-4.06,2.33,1.12,-7.09;4
-11.00,9.56,7.74,-5.31,-5.29,-6.98,-5.97,1.91,-2.58,-1.11;1
-0.55,-6.31,-2.29,-1.51,-0.52,4.53,-5.16,2.46,-1.26,-5.89;2
-9.25,9.95,6.11,-7.15,-5.15,-6.68,-6.19,0.23,-0.98,-4.50;1
-11.46,8.68,8.32,-5.12,-4.69,-8.88,-2.20,0.38,-2.13,-3.59;1
0.42,6.71,4.48,2.10,-7.05,-7.34,-11.02,8.38,2.08,1.61;0
-10.21,8.39,8.26,-6.31,-6.78,-7.15,-3.98,1.15,-0.31,-4.04;1
-9.50,2.54,-6.21,7.78,-5.91,3.06,-3.43,2.22,0.47,-5.26;4
-1.72,13.83,5.73,3.64,-6.87,-8.97,-9.47,10.01,0.78,4.29;0
-7.79,-0.72,-10.72,9.12,-4.01,2.75,0.18,1.46,0.92,-9.12;4
4.23,-9.46,-4.92,-2.73,-4.20,4.61,-6.63,0.24,3.26,-11.52;2
2.28,-7.17,-7.65,8.51,7.44,5.15,-2.78,-8.63,3.11,-1.64;3
-7.28,0.42,-10.81,7.14,-7.22,3.02,-3.22,0.27,-0.17,-6.58;4
2.43,-4.40,-10.24,9.93,10.74,4.83,-4.36,-8.68,5.57,0.43;3
-14.04,10.99,6.66,-5.81,-7.08,-7.63,-3.25,1.66,-1.02,-2.63;1
-1.38,9.84,3.41,0.01,-6.26,-6.35,-8.35,7.29,3.47,8.93;0
2.01,-3.97,-5.63,-2.90,-1.60,4.73,-5.81,2.47,0.43,-12.63;2
5.00,-7.36,-10.49,10.34,10.44,10.27,-5.13,-7.89,2.69,-1.46;3
-4.06,0.89,-9.54,10.04,-5.34,4.88,-3.26,1.58,0.77,-6.31;4
4.07,-2.85,-8.40,10.69,11.04,7.39,-1.66,-6.77,6.31,0.60;3
-2.17,8.99,5.64,0.14,-6.42,-6.51,-10.28,6.42,3.06,2.45;0
-0.84,-6.98,-1.97,-3.62,-0.47,5.47,-7.73,3.09,2.71,-8.44;2
1.46,-6.18,0.43,-4.46,-2.86,3.45,-9.62,0.87,3.18,-10.44;2
-6.84,0.50,-12.30,7.11,-4.13,3.79,-1.30,-1.11,-0.85,-6.66;4
-7.69,1.12,-7.00,7.25,-5.94,5.44,-3.07,3.47,1.27,-9.44;4
1.77,-9.48,-3.60,-2.71,-2.22,6.53,-5.25,-0.82,-1.50,-6.96;2
-6.60,0.64,-9.46,9.91,-4.02,3.59,-3.88,-3.02,2.16,-6.47;4
2.92,-7.39,-9.37,7.95,9.17,8.00,-3.99,-10.05,2.01,-0.82;3
-8.85,11.64,7.47,-4.77,-7.02,-6.00,-5.06,0.87,-1.21,-6.00;1
1.67,-7.69,-3.24,-6.15,1.55,5.17,-5.71,-2.41,1.72,-11.91;2
-8.13,0.22,-11.64,9.80,-4.82,3.35,-4.03,-0.57,-0.91,-6.26;4
-11.56,8.22,2.84,-5.65,-7.09,-5.65,-3.66,-0.80,-1.27,-4.06;1
3.03,-8.00,-4.28,-3.36,-1.11,7.59,-8.59,3.85,3.32,-7.65;2
3.03,-8.80,-8.03,11.06,10.75,9.08,-4.70,-9.18,3.87,-1.25;3
4.11,-6.59,-7.72,11.61,9.42,7.27,-3.38,-7.18,5.94,-0.30;3
-6.67,10.64,8.35,-5.99,-8.11,-7.01,-4.59,-0.55,-2.38,-5.39;1
3.35,-4.53,-4.77,-4.03,1.17,3.41,-7.83,-2.23,1.49,-8.39;2
-4.51,8.71,1.91,0.93,-7.15,-5.38,-8.42,6.72,1.32,3.34;0
0.98,-9.09,-3.97,-3.23,-0.55,6.78,-7.26,1.56,0.23,-9.01;2
0.95,-8.03,-3.84,-1.89,-2.34,5.92,-7.57,1.32,2.01,-7.97;2
4.77,-9.05,-8.14,11.89,9.61,4.66,-2.68,-8.28,1.42,0.16;3
-0.03,-5.58,-9.37,8.75,8.84,4.78,-4.57,-7.95,5.74,-0.88;3
-3.57,6.96,3.83,3.28,-6.21,-10.10,-9.34,7.51,4.89,6.09;0
2.37,-5.26,-3.40,-3.69,1.60,5.85,-7.10,-0.01,0.15,-9.40;2
-7.11,-2.77,-9.04,11.22,-4.20,0.87,-3.04,3.25,-1.86,-6.36;4
3.07,-4.82,-10.66,6.18,10.25,8.30,-4.03,-7.47,4.95,-1.13;3
4.29,-7.39,-8.58,10.23,11.52,7.84,-4.57,-6.13,3.30,-3.67;3
-3.34,8.36,5.20,3.06,-5.46,-4.02,-7.42,8.51,0.03,1.74;0
-9.27,7.24,6.48,-3.94,-6.18,-7.07,-3.27,1.85,-0.62,-4.52;1
1.03,-7.68,-2.38,-1.17,-2.04,7.69,-5.07,-0.61,0.41,-10.14;2
3.17,-7.07,-10.55,7.61,9.92,9.42,-4.99,-8.92,5.28,-0.98;3
-3.95,8.55,3.82,2.96,-8.91,-6.46,-9.07,6.74,-1.46,3.38;0
-5.11,2.02,-11.02,7.94,-5.23,1.41,-6.30,0.80,-0.50,-7.78;4
-8.60,0.40,-11.05,8.76,-4.08,3.09,-3.18,-1.18,-0.96,-8.06;4
-9.48,8.29,5.99,-9.29,-6.78,-3.55,-4.61,0.18,-2.86,-3.31;1
1.44,-8.17,-7.77,9.08,9.15,8.05,-2.76,-7.96,5.21,-1.83;3
1.05,-5.41,-7.65,9.58,6.68,5.55,-5.07,-10.01,3.00,-0.11;3
-4.06,0.62,-11.83,7.41,-2.97,0.98,-2.57,1.65,-0.99,-5.82;4
-1.74,8.21,4.27,1.25,-9.15,-6.45,-5.33,7.13,0.28,4.78;0
-4.36,8.01,5.55,3.36,-6.51,-6.76,-6.93,8.61,3.30,2.98;0
4.91,-7.21,-5.02,-2.59,-2.15,6.30,-7.66,2.70,4.24,-10.02;2
-8.85,-1.59,-10.32,5.13,-2.98,6.68,-3.07,1.47,0.07,-4.14;4
-0.24,-5.99,-8.52,6.53,11.69,6.18,-2.04,-9.14,5.17,-1.11;3
-10.10,11.93,7.99,-6.11,-6.51,-6.48,-4.57,1.90,-0.94,-2.19;1
-0.26,5.60,2.66,4.89,-5.93,-7.42,-5.21,4.32,1.37,3.80;0
0.97,-6.40,-6.41,7.36,8.28,5.20,-0.67,-6.01,5.01,-4.33;3
-1.66,8.77,5.25,2.50,-7.64,-7.41,-7.94,10.04,3.83,2.47;0
-9.61,-1.23,-10.10,8.35,-3.32,4.52,-3.55,1.81,1.27,-4.76;4
-9.80,8.82,6.82,-4.44,-6.44,-4.95,-3.68,0.66,-1.93,-3.33;1
-9.47,11.39,9.06,-3.36,-6.29,-4.14,-7.38,3.00,-1.77,-4.61;1
-3.34,9.71,4.93,0.82,-4.61,-5.54,-5.55,6.80,-0.33,4.37;0
4.91,-6.36,-2.68,-2.80,-1.70,4.96,-3.24,-0.11,1.13,-10.07;2
0.74,-11.00,-2.50,-2.30,2.15,7.97,-10.13,2.35,2.52,-9.75;2
-1.00,6.59,6.16,1.62,-3.99,-9.25,-8.19,9.05,4.21,5.52;0
-6.27,-2.70,-7.62,6.98,-6.68,4.38,-1.43,1.20,-0.92,-6.40;4
-8.92,10.02,6.39,-5.77,-7.07,-5.46,-6.15,-1.50,-0.14,-2.27;1
0.12,-7.75,-6.20,-1.07,-1.67,6.12,-9.02,-1.65,2.24,-8.87;2
-2.74,11.05,7.96,3.52,-6.74,-5.83,-8.82,4.57,1.04,2.73;0
-0.13,-5.92,-8.63,8.15,8.36,5.42,-2.44,-10.53,4.58,-3.38;3
4.75,-8.45,-11.22,5.75,7.94,6.64,-6.81,-8.95,1.81,-1.84;3
-1.50,6.29,4.16,3.85,-8.50,-6.95,-5.95,9.15,1.40,2.94;0
-7.58,1.35,-7.54,8.73,-5.28,1.40,-5.87,0.97,0.95,-7.39;4
1.20,-10.39,-8.32,-4.93,-0.20,4.68,-4.50,0.21,4.21,-8.33;2
-9.72,9.56,7.41,-7.11,-6.35,-7.43,-3.29,-1.38,-3.27,-1.89;1
-11.40,-1.73,-8.44,7.31,-3.61,4.29,-2.25,-2.28,1.58,-4.40;4
-4.78,7.54,4.42,2.21,-6.49,-5.74,-6.71,8.33,-0.46,3.97;0
-4.35,8.67,4.44,0.96,-9.52,-8.72,-7.99,6.43,0.10,7.64;0
-4.92,-2.02,-10.68,7.42,-4.83,3.71,-2.08,-0.92,-0.34,-5.30;4
-5.63,9.99,4.81,2.52,-7.33,-6.50,-8.13,7.62,0.00,4.42;0
-1.87,7.81,4.41,0.96,-7.09,-5.06,-9.10,6.13,3.58,6.08;0
-10.71,9.31,7.69,-6.35,-10.05,-6.25,-2.18,-0.73,-1.08,-3.81;1
-9.25,9.95,7.83,-7.02,-4.78,-7.46,-4.26,2.58,1.75,-4.95;1
-6.45,1.33,-8.31,8.19,-4.68,2.65,-3.57,0.27,1.76,-7.93;4
-0.20,-5.16,-7.74,10.96,6.39,8.33,-3.99,-5.65,2.94,-1.90;3
3.00,-9.37,-9.00,7.16,8.27,6.25,-5.45,-6.64,3.55,-2.61;3
-1.46,9.60,1.92,4.33,-8.51,-8.32,-10.70,6.33,0.68,2.85;0
-6.91,8.12,6.46,-6.37,-6.19,-8.19,-0.45,-2.68,-3.99,-4.58;1
-6.85,-0.71,-8.07,10.61,-3.82,3.70,-3.01,3.06,0.16,-5.16;4
1.95,-8.41,-6.06,-1.28,-0.01,4.69,-7.72,2.08,3.16,-10.20;2
5.28,-9.62,-6.05,7.67,11.09,6.40,-3.25,-8.01,4.90,1.28;3
-8.16,-1.75,-10.45,5.19,-4.82,3.28,-3.01,-2.72,0.37,-7.08;4
0.17,-5.07,-9.63,6.26,11.24,5.64,-5.65,-5.03,6.21,0.48;3
-3.32,7.47,3.68,1.28,-6.65,-7.31,-8.76,4.71,1.48,5.66;0
-2.38,8.54,6.34,0.66,-9.48,-8.92,-7.35,5.87,2.62,3.72;0
3.96,-5.80,-5.94,-3.08,-1.40,5.56,-6.01,2.92,2.23,-8.39;2
3.45,-6.30,-3.46,-3.87,0.36,6.69,-5.56,1.44,3.24,-10.78;2
-7.82,11.15,6.52,-6.26,-6.70,-5.92,-2.66,1.33,-2.33,-6.94;1
2.05,-7.60,-4.19,-4.71,2.25,6.41,-1.72,1.81,2.80,-9.02;2
-5.15,9.48,0.36,1.54,-5.50,-8.47,-7.76,9.06,-2.94,3.93;0
-10.99,10.74,7.71,-8.92,-5.91,-7.50,-5.93,0.51,0.11,-2.59;1
-1.41,12.74,4.22,1.46,-6.23,-8.08,-12.65,8.88,1.10,5.74;0
2.64,-6.89,-5.06,-5.04,-2.87,4.87,-3.10,1.68,2.61,-7.85;2
-2.82,10.85,3.61,2.38,-4.36,-6.73,-10.14,5.43,0.81,5.13;0
-5.00,0.48,-6.86,7.89,-4.42,4.89,-4.23,-0.02,1.97,-8.32;4
0.88,-4.86,-3.79,-5.02,-3.02,7.56,-7.35,-2.15,4.85,-11.82;2
3.71,-6.41,-8.21,8.44,10.16,5.56,-4.07,-6.03,2.94,-1.73;3
-0.15,-9.01,-3.17,-1.40,-0.40,6.55,-7.15,-2.24,5.38,-9.38;2
3.63,-6.85,-3.96,-3.96,-1.04,2.03,-5.92,0.77,3.98,-6.78;2
-8.63,0.51,-9.74,6.90,-4.35,3.16,-5.18,0.06,1.14,-6.24;4
-9.38,0.73,-8.21,10.19,-3.08,2.95,-4.79,1.93,-0.67,-5.24;4
-0.29,7.05,4.66,3.22,-7.39,-4.26,-9.44,6.87,0.41,4.39;0
-7.81,1.01,-8.72,10.19,-4.48,4.55,-0.67,-2.64,0.02,-3.72;4
0.14,-7.54,-11.51,8.01,9.31,9.23,-4.03,-8.66,1.13,-0.71;3
2.85,-6.28,-3.89,-3.65,1.87,8.82,-4.47,-2.12,3.35,-11.14;2
2.94,-4.21,-7.68,10.64,9.86,8.62,-4.82,-10.16,2.38,0.50;3
4.49,-7.90,-9.17,9.24,10.94,7.38,-6.03,-6.40,2.23,-0.59;3
-5.52,1.86,-9.10,5.92,-7.61,3.97,-5.76,-1.18,0.98,-5.60;4
-8.46,7.53,5.92,-3.32,-5.78,-5.95,-4.08,-1.00,-0.42,-6.66;1
2.33,-10.26,-9.97,8.05,9.10,5.42,-4.63,-9.75,1.17,-1.81;3
-0.49,11.02,6.35,2.02,-8.85,-8.48,-8.98,8.19,1.23,5.73;0
2.01,-5.17,-4.16,-0.46,-2.53,6.95,-5.74,-1.46,1.31,-10.57;2
3.42,-8.98,-4.29,-6.02,2.08,4.15,-8.95,-1.44,4.07,-9.53;2
1.67,-9.22,-3.29,-4.30,1.16,5.84,-4.76,2.16,1.87,-7.82;2
2.25,-8.74,-9.82,9.95,7.04,6.23,-4.15,-7.57,3.01,-0.30;3
1.27,9.13,6.08,1.33,-5.27,-5.52,-9.75,8.49,3.26,5.27;0
-8.41,9.66,9.08,-3.51,-8.61,-6.66,-3.61,2.06,-1.33,-3.23;1
-7.09,10.35,10.72,-3.84,-8.27,-4.94,-3.65,4.08,-3.07,-4.54;1
-11.59,10.26,5.93,-3.28,-4.23,-4.82,-6.07,0.45,-1.78,-3.80;1
-7.38,6.84,5.04,-7.14,-5.73,-6.10,-3.36,-0.56,-3.51,-2.62;1
1.46,-3.58,-8.64,8.24,11.38,7.77,-4.55,-8.26,4.92,0.30;3
6.22,-5.56,-8.26,7.86,7.50,6.19,-3.32,-6.74,2.73,-2.45;3
-2.83,8.43,5.54,2.28,-5.87,-6.65,-8.21,7.22,1.03,3.09;0
-1.24,7.97,3.90,2.49,-8.76,-5.58,-6.74,7.22,1.99,0.01;0
1.66,-5.98,-6.22,-2.58,-0.80,5.03,-4.24,2.65,3.32,-7.79;2
-3.91,7.36,4.87,1.23,-5.66,-6.11,-9.35,8.28,5.37,3.75;0
0.46,-8.67,-5.40,-0.08,-1.11,6.43,-4.33,-0.50,1.95,-9.93;2
2.88,-3.46,-10.36,7.05,9.82,6.45,-1.31,-4.29,5.18,-0.27;3
1.91,-8.61,-7.05,6.91,10.76,8.33,-4.49,-8.04,3.43,-1.12;3
-11.18,8.32,5.90,-3.96,-6.64,-8.06,-1.79,-1.05,-1.40,-0.59;1
3.40,-7.65,-10.49,8.48,8.32,7.34,-4.20,-9.40,2.32,0.59;3
2.95,-8.41,-4.28,-2.24,-0.44,3.49,-4.48,0.93,1.23,-7.70;2
1.95,-7.05,-3.53,-3.45,-3.88,7.77,-8.54,-0.80,1.57,-8.59;2
3.83,-3.63,-6.98,11.08,10.12,3.73,-3.06,-9.14,3.81,-2.75;3
1.19,9.85,4.55,1.59,-5.70,-7.50,-9.39,9.50,1.31,4.37;0
-9.90,1.53,-7.07,9.06,-6.34,1.79,-0.90,-1.95,2.86,-6.33;4
-9.08,9.62,6.45,-6.76,-5.24,-2.77,-3.75,-0.68,0.48,-5.69;1
-11.05,10.66,5.60,-4.45,-7.05,-5.72,-3.35,0.42,-0.68,-3.21;1
2.41,-7.46,-9.59,11.24,9.14,3.93,-2.99,-8.95,1.60,0.75;3
-8.32,8.21,5.26,-5.13,-5.45,-7.58,-4.48,0.12,-2.40,-3.46;1
0.10,8.86,4.54,1.69,-6.05,-5.75,-13.22,8.53,0.12,3.36;0
-3.34,8.21,2.94,2.53,-4.68,-8.68,-7.70,7.94,2.22,5.19;0
-11.55,10.09,7.00,-4.73,-5.83,-2.44,-2.73,0.47,-0.37,-5.28;1
3.59,-6.29,-9.95,8.63,8.97,6.08,-3.96,-8.27,1.52,-3.02;3
-5.98,8.84,4.59,1.95,-3.92,-6.58,-10.34,7.20,1.43,2.66;0
-4.12,8.96,4.24,2.65,-5.14,-7.90,-8.28,7.69,2.21,6.34;0
-8.89,1.32,-8.26,9.72,-3.17,2.50,-4.84,2.03,1.35,-6.06;4
2.44,-7.27,-4.42,-4.50,-0.33,4.33,-7.87,-0.95,-1.05,-8.35;2
-7.57,1.61,-12.34,7.88,-5.02,4.31,-0.15,0.60,1.58,-6.65;4
-0.47,-5.41,-9.42,9.51,11.44,7.05,-3.96,-10.60,5.22,-2.68;3
-2.52,10.59,4.49,3.18,-8.40,-6.10,-9.26,7.45,0.12,6.02;0
-7.82,8.07,7.28,-5.51,-6.86,-5.44,-2.55,2.27,-2.45,-2.94;1
0.11,-8.15,-5.84,-0.43,1.72,6.99,-4.62,0.98,-0.82,-9.91;2
-11.50,10.87,9.08,-6.58,-2.61,-5.48,-5.48,-0.55,1.08,-5.51;1
-9.47,8.57,8.61,-5.52,-6.56,-7.26,-2.78,1.49,-2.21,-3.15;1
1.48,-6.71,-10.78,8.93,8.37,5.34,-3.52,-9.36,5.26,1.28;3
-9.94,9.99,6.84,-6.43,-5.13,-4.18,-2.49,-2.18,-1.98,-4.67;1
1.01,-8.14,-11.80,11.16,8.10,2.99,-4.55,-6.33,5.21,1.26;3
-6.60,-1.16,-9.82,6.71,-3.35,1.60,-2.84,1.91,0.84,-6.95;4
-8.79,9.87,7.90,-2.69,-9.24,-6.51,-6.18,0.89,-2.20,-4.90;1
2.43,-6.06,-8.99,9.30,10.53,4.37,-6.55,-8.83,3.44,-1.53;3
3.84,-5.41,-8.21,8.43,10.47,7.78,-3.36,-8.28,2.33,0.77;3
3.57,-5.51,-5.07,-3.62,-0.55,4.56,-6.90,1.04,0.55,-11.03;2
4.54,-9.53,-8.36,9.99,10.90,7.13,-3.89,-8.00,2.52,-2.05;3
1.91,-7.42,-4.19,9.36,9.18,5.95,-5.20,-7.35,2.18,-2.18;3
0.59,-4.50,-7.80,9.53,10.69,6.98,-5.51,-10.09,2.75,-3.24;3
-8.51,0.87,-8.26,7.72,-9.15,2.80,-0.82,1.71,1.61,-5.19;4
-3.00,9.16,5.90,1.06,-7.48,-8.75,-8.31,8.72,3.51,2.11;0
0.75,-9.08,-8.40,11.81,8.44,7.56,-4.59,-5.74,5.11,-0.63;3
-8.52,7.20,7.59,-5.10,-8.90,-7.28,-4.19,-1.16,-2.19,-3.31;1
2.54,-5.16,-7.95,7.62,11.58,3.69,-5.87,-6.33,1.05,-3.51;3
-1.16,6.83,3.46,2.78,-7.61,-7.94,-7.60,6.08,5.74,6.55;0
-2.91,7.73,5.31,0.45,-5.18,-4.80,-10.29,7.94,0.62,1.50;0
-3.51,11.24,3.83,1.72,-4.01,-6.05,-7.52,6.63,-0.05,2.16;0
5.04,-5.38,-8.03,8.82,10.07,8.85,-5.21,-8.97,3.81,-1.41;3
-9.14,7.12,7.27,-5.28,-5.91,-6.31,-2.78,2.80,-0.85,-2.23;1
-7.81,8.54,6.98,-3.03,-4.86,-9.28,-6.46,3.05,-2.55,-5.44;1
-1.06,-7.94,-12.20,8.42,7.54,7.19,-3.67,-7.56,2.96,0.05;3
-1.79,10.34,5.69,1.94,-6.87,-8.55,-9.10,7.49,3.40,0.61;0
2.39,-7.20,-6.61,-3.52,-1.61,5.00,-3.42,1.02,1.68,-10.10;2
-2.96,8.07,3.45,2.41,-6.76,-7.20,-8.28,7.18,1.66,3.13;0
-3.17,-0.80,-10.81,7.24,-5.09,0.38,-6.51,1.01,2.65,-7.06;4
-2.38,7.61,5.22,3.75,-5.81,-5.67,-11.13,6.36,0.82,3.11;0
2.23,-7.15,-7.88,9.23,10.39,6.04,-1.80,-5.98,3.05,-1.77;3
-7.48,1.63,-7.64,7.38,-2.31,3.61,-2.23,-0.05,1.80,-7.33;4
-11.11,8.91,7.06,-5.64,-6.76,-8.09,-5.14,2.05,-1.63,-4.26;1
4.60,-6.22,-8.81,9.67,11.06,5.93,-3.60,-5.57,2.32,-1.43;3
-2.27,9.28,3.64,2.27,-7.79,-7.49,-9.87,5.17,2.24,5.04;0
-1.26,7.47,8.19,2.42,-7.37,-4.13,-7.32,6.91,2.66,5.26;0
3.84,-4.30,-4.14,-1.65,-1.24,4.72,-6.92,0.50,5.77,-9.99;2
0.97,-4.60,-10.45,7.50,9.81,4.42,-3.32,-9.43,5.22,0.09;3
3.43,-6.53,-2.55,-3.30,-0.67,5.76,-5.31,-1.34,1.91,-11.48;2
1.87,-9.93,-1.94,-3.79,-0.53,3.99,-6.18,1.32,2.16,-12.14;2
4.20,-5.87,-3.15,-1.21,-2.39,7.59,-4.81,-0.37,-0.07,-8.53;2
1.07,-4.90,-5.96,-4.27,0.40,4.07,-6.38,-1.92,1.40,-10.06;2
-7.64,-1.52,-8.34,4.79,-5.53,1.41,-5.64,-0.89,3.44,-4.47;4
-1.92,9.41,6.57,-1.67,-10.46,-7.62,-7.19,4.98,-2.49,5.02;0
-1.28,8.98,4.55,2.86,-5.38,-7.93,-8.99,7.14,0.57,4.61;0
4.04,-8.13,-3.45,-3.74,-2.44,4.51,-7.14,0.74,-0.87,-8.30;2
3.84,-8.29,-4.92,-2.10,-1.73,3.46,-4.56,1.20,4.34,-8.21;2
1.43,-6.65,-7.05,10.91,10.01,5.70,-6.14,-9.33,1.16,-2.46;3
3.16,-7.47,-5.59,-2.05,-0.21,3.03,-3.01,-0.06,4.99,-10.16;2
-2.29,7.14,8.35,2.47,-5.53,-6.26,-8.97,10.07,1.10,4.52;0
0.80,-7.09,-8.86,9.47,10.65,5.18,-0.80,-9.81,5.73,-3.17;3
-9.36,10.58,7.31,-4.20,-6.95,-6.03,-2.33,-2.37,-1.85,-3.42;1
-7.90,1.05,-9.76,6.92,-6.34,5.21,-0.91,0.75,3.58,-6.29;4
-2.79,7.97,3.29,4.09,-6.25,-9.26,-4.95,4.60,1.49,4.29;0
-8.29,-0.29,-10.43,6.66,-5.40,6.41,-4.39,1.56,0.03,-8.06;4
-0.53,6.59,6.88,1.59,-8.60,-7.25,-9.92,7.98,1.05,1.29;0
-8.77,9.57,4.20,-5.26,-5.89,-5.78,-6.40,1.78,-1.85,-2.69;1
-4.01,6.34,2.01,2.78,-7.53,-7.41,-9.48,7.11,0.18,4.64;0
-9.18,-0.02,-9.02,7.95,-4.72,2.61,-3.44,1.19,2.15,-4.12;4
2.06,-5.02,-2.39,-4.06,1.02,7.42,-8.24,-1.43,1.65,-8.36;2
-0.73,8.75,3.29,3.68,-5.68,-8.46,-5.07,6.51,3.20,7.14;0
-2.39,8.79,4.72,-1.49,-4.00,-9.43,-7.13,8.62,2.32,0.55;0
0.99,-7.21,-9.80,6.28,10.15,2.80,-2.88,-6.89,1.83,-1.89;3
0.21,-6.26,-1.01,-2.65,-2.41,6.59,-6.87,1.63,4.01,-7.79;2
4.46,-8.55,-8.76,10.06,8.57,6.61,-7.53,-8.59,2.39,-0.09;3
-9.76,9.37,8.10,-7.95,-7.49,-4.83,-5.23,0.77,-1.72,-2.99;1
-1.94,8.64,4.12,2.39,-4.36,-8.39,-8.55,7.60,1.32,3.82;0
4.62,-3.45,-6.98,10.36,10.11,3.07,-3.73,-8.60,0.45,-0.46;3
-9.28,0.38,-9.85,8.77,-6.88,1.84,-1.76,0.29,0.32,-7.24;4
3.98,-8.39,-3.40,-3.96,-1.05,6.48,-5.66,-3.36,1.18,-8.99;2
2.26,-9.35,-3.87,-2.99,-1.39,7.34,-8.13,0.46,3.93,-10.71;2
-7.14,2.34,-11.48,8.59,-4.99,1.99,-1.09,-1.05,0.80,-4.75;4
-2.82,10.14,3.62,5.90,-8.29,-5.96,-11.80,7.14,2.57,2.48;0
2.34,-5.47,-6.29,-5.63,-1.80,4.88,-8.49,0.33,3.74,-8.29;2
1.40,-3.72,-7.54,9.28,9.84,4.05,-6.10,-9.26,2.93,-2.07;3
3.64,-5.57,-8.25,6.93,8.04,5.02,-2.03,-11.50,4.30,0.35;3
3.05,-5.91,-8.45,9.80,8.47,4.77,-3.91,-9.37,4.24,1.15;3
3.15,-5.13,-2.14,-1.49,-2.31,4.93,-5.60,0.45,2.02,-10.16;2
-7.29,2.53,-8.59,7.68,-3.49,1.69,-5.53,1.43,2.77,-7.03;4
3.00,-7.25,-9.49,8.50,9.72,8.81,-6.21,-9.03,3.87,-1.01;3
2.63,-5.95,-6.99,-4.16,-0.36,5.76,-5.46,1.90,1.08,-9.50;2
-11.99,9.96,5.92,-8.09,-6.67,-5.35,-3.50,2.30,-0.69,-2.36;1
1.64,-6.42,-4.80,-5.20,1.75,4.58,-4.41,1.00,-0.23,-10.86;2
-6.56,-1.09,-6.25,6.52,-7.28,4.70,-3.90,-1.89,1.92,-4.40;4
-7.34,0.27,-8.93,8.05,-4.91,2.78,-4.83,1.13,-0.36,-5.61;4
-1.07,-6.24,-5.63,-2.02,-1.54,3.58,-5.14,2.21,3.29,-7.63;2
0.85,-6.38,-5.45,-3.04,-1.90,7.16,-4.79,1.30,-0.05,-7.86;2
2.09,-7.76,-5.82,-2.47,-0.81,4.46,-5.49,0.14,1.15,-7.10;2
1.36,-8.14,-5.25,-1.11,0.34,5.35,-5.54,-0.16,1.45,-6.18;2
2.87,-7.18,-5.74,-6.01,-0.96,8.13,-3.88,-0.30,0.56,-7.87;2
2.29,-6.83,-11.15,8.61,9.72,7.92,-4.72,-7.02,4.47,-1.02;3
-9.22,10.01,4.42,-4.69,-7.14,-8.24,-3.30,-0.08,-2.95,-3.83;1
6.75,-7.07,-3.14,-5.69,-2.33,8.96,-5.42,-0.48,0.93,-6.75;2
-9.91,7.78,7.88,-5.14,-9.42,-6.03,-5.80,0.47,2.12,-5.24;1
3.00,-5.61,-9.04,10.84,8.20,3.27,-3.69,-7.18,0.51,-1.13;3
1.69,-6.10,-11.05,8.33,10.06,5.52,-4.49,-7.93,4.65,-2.00;3
2.79,-7.51,-11.03,10.52,11.92,5.22,-3.51,-6.07,1.85,-0.67;3
-3.16,6.52,6.88,1.53,-8.46,-7.50,-10.03,6.28,1.69,6.76;0
2.36,-5.44,-5.74,-4.03,-2.09,5.76,-7.06,-1.36,1.21,-6.84;2
1.58,-9.00,-5.62,-2.01,-2.92,7.94,-5.29,-0.13,0.75,-8.86;2
-1.73,11.64,4.18,-1.50,-6.17,-5.88,-10.39,8.17,3.24,1.09;0
-3.35,-0.65,-8.17,7.44,-5.68,1.97,-4.37,1.55,0.04,-4.05;4
3.61,-7.76,-5.38,-1.38,-1.28,6.55,-5.87,1.87,2.91,-9.21;2
2.58,-6.45,-9.06,6.63,8.26,5.46,-6.08,-10.11,2.26,-0.06;3
1.19,-8.10,-5.20,-4.55,1.11,4.94,-6.05,1.26,1.27,-9.14;2
1.64,-7.30,-3.50,-2.82,-1.59,5.50,-7.95,0.42,0.40,-10.40;2
-8.29,11.24,5.44,-9.43,-7.83,-7.11,-2.48,1.43,-2.99,-0.53;1
-8.61,-0.79,-10.47,9.71,-3.34,2.84,-0.66,1.41,2.55,-5.68;4
3.24,-6.17,-12.31,8.66,8.60,7.42,-2.83,-8.54,4.85,-1.10;3
2.68,-5.61,-6.24,-4.20,1.41,6.17,-5.28,2.16,2.85,-4.75;2
-9.18,7.96,7.14,-4.93,-5.43,-7.63,-5.31,-1.00,-2.90,-4.52;1
3.64,-6.70,-8.80,6.87,10.58,4.76,-4.63,-8.61,4.34,-0.95;3
-7.25,-0.23,-8.91,9.72,-4.33,4.48,-5.72,1.28,-1.66,-6.78;4
-9.41,-0.43,-9.96,7.13,-4.25,2.79,-3.44,-1.23,-0.44,-5.44;4
3.50,-4.51,-2.28,-2.13,-0.81,3.60,-8.56,-1.30,1.62,-8.28;2
-3.64,9.07,4.30,1.04,-8.35,-8.07,-7.87,6.17,0.98,4.54;0
2.17,-5.26,-3.32,-2.06,-0.15,5.58,-7.55,-1.31,0.12,-8.50;2
2.06,-5.62,-6.97,-3.16,-4.00,5.04,-7.17,-1.02,5.35,-10.46;2
0.06,-6.76,-4.81,-3.64,1.35,6.07,-3.77,-0.78,0.26,-10.33;2
-0.35,11.60,5.56,2.06,-9.03,-10.74,-8.56,6.73,1.20,4.76;0
1.93,-9.09,-4.15,-4.08,-0.00,7.34,-6.02,0.26,4.92,-6.90;2
-11.28,-3.04,-7.06,6.53,-1.00,5.10,-4.29,0.21,1.37,-6.14;4
2.28,-4.90,-2.91,-1.95,-1.36,4.74,-8.19,1.36,2.25,-9.66;2
-1.44,6.23,3.58,1.72,-8.64,-9.50,-9.30,8.36,3.95,3.34;0
-9.33,10.74,6.49,-4.11,-8.05,-5.01,-4.84,-1.14,-4.54,-5.89;1
-0.47,-9.07,-9.27,10.59,7.23,6.00,-4.48,-7.31,-0.16,0.77;3
-6.27,-0.19,-9.17,6.08,-4.25,5.00,-3.56,-1.25,0.27,-6.16;4
3.60,-7.45,-7.81,8.07,9.67,6.14,-3.53,-9.09,3.80,-4.63;3
-5.58,10.99,3.71,2.34,-7.10,-5.18,-11.05,8.47,1.95,4.84;0
1.94,-7.47,-3.50,-3.63,0.55,3.62,-5.34,-1.43,4.02,-8.90;2
-9.32,8.37,6.45,-4.75,-6.40,-3.64,-2.19,-0.24,-2.41,-3.91;1
5.39,-6.20,-8.59,7.28,8.45,6.86,-4.78,-9.63,1.13,-2.48;3
1.64,-6.95,-2.67,-1.13,0.68,4.72,-5.36,-2.06,2.23,-8.75;2
-8.61,11.21,7.30,-8.29,-5.35,-7.76,-4.05,-0.95,-2.80,-4.71;1
2.88,-8.21,-3.48,-0.30,-0.82,5.34,-7.96,-2.80,2.17,-6.92;2
0.78,-8.06,-5.94,-0.23,-1.07,6.79,-6.54,1.98,1.32,-10.61;2
3.32,-8.25,-4.10,-5.86,0.59,5.18,-6.95,0.61,0.51,-7.33;2
-4.64,10.11,3.48,1.86,-5.24,-6.33,-5.92,9.42,0.46,5.05;0
-8.75,10.33,9.84,-5.18,-7.74,-7.60,-4.65,0.72,-3.60,-4.97;1
-12.03,10.92,6.83,-6.11,-4.39,-6.80,-5.08,0.43,-2.01,-3.11;1
-5.35,-2.33,-11.85,7.52,-5.25,1.76,-2.30,0.45,3.02,-4.97;4
0.90,-3.46,-8.58,9.57,9.60,6.67,-3.65,-7.13,4.85,-1.65;3
-6.69,-1.58,-8.46,7.39,-5.46,2.30,-4.80,4.78,-0.43,-3.54;4
2.79,-8.26,-7.14,7.03,9.11,6.42,-3.60,-9.63,2.73,-2.92;3
-6.01,-0.85,-9.51,7.80,-2.93,4.29,-4.53,3.89,-0.79,-5.35;4
-7.87,1.42,-9.67,10.88,-3.89,2.60,-3.06,2.21,-0.91,-4.72;4
-4.99,7.13,3.25,0.83,-8.14,-5.35,-10.20,9.46,1.30,4.82;0
2.65,-6.50,-8.75,10.53,8.17,8.16,-6.26,-7.60,3.89,-1.65;3
-9.57,7.46,7.42,-2.91,-4.65,-4.42,-1.33,0.54,-2.41,-3.31;1
-2.41,5.98,6.80,1.20,-6.80,-7.34,-7.12,3.07,2.00,4.00;0
-9.69,-2.05,-8.12,9.06,-5.82,7.29,-4.24,2.09,0.15,-8.28;4
-8.15,0.42,-9.03,5.95,-5.59,3.56,-3.09,2.43,5.21,-7.48;4
2.99,-6.16,-4.46,-2.96,1.80,1.44,-4.48,1.14,3.26,-9.17;2
-1.52,11.08,3.72,0.34,-6.70,-8.61,-9.18,6.83,2.89,4.63;0
1.95,-10.40,-5.39,-3.66,-0.76,6.81,-5.64,0.23,-0.20,-9.50;2
-7.14,-0.56,-7.72,9.00,-7.06,4.17,-6.71,0.54,-0.60,-6.57;4
-4.02,0.68,-9.19,8.94,-5.61,4.88,-0.92,1.59,2.60,-4.92;4
-7.59,0.29,-11.60,5.98,-7.34,2.69,-2.59,-0.91,-0.38,-6.20;4
-0.57,8.73,2.85,3.48,-5.76,-6.98,-6.03,8.90,1.78,4.24;0
0.36,-5.12,-9.46,11.37,8.14,7.00,-3.70,-10.08,4.08,-3.68;3
3.07,-5.55,-7.17,8.91,8.76,7.38,-5.66,-8.57,3.20,-2.78;3
2.86,-5.70,-4.58,-1.96,1.04,4.43,-7.64,1.21,-0.24,-10.45;2
5.53,-9.41,-7.99,8.01,8.46,6.93,-2.66,-8.53,3.53,-4.01;3
-1.16,9.33,5.97,3.22,-5.47,-9.87,-9.72,8.69,2.84,4.43;0
-2.44,8.57,5.03,1.62,-5.26,-7.43,-9.12,8.48,3.05,4.39;0
-4.72,1.46,-12.06,5.95,-2.96,3.31,-4.04,-2.35,-0.20,-6.89;4
-4.77,11.46,3.20,3.59,-5.40,-7.32,-6.86,6.98,0.60,-0.04;0
2.48,-6.08,-6.74,6.70,12.30,3.66,-6.35,-6.68,1.51,-0.84;3
1.07,-4.90,-10.12,9.85,7.97,6.46,-5.44,-9.88,4.76,-0.21;3
-8.39,-3.20,-8.95,9.53,-6.83,2.74,-3.58,0.38,2.61,-4.49;4
1.28,-7.95,-11.40,9.77,9.96,7.43,-6.36,-8.76,0.17,-1.55;3
-11.82,8.92,8.75,-5.76,-8.38,-9.38,-1.73,-0.16,0.47,-3.15;1
-10.65,7.81,8.25,-6.22,-6.88,-4.38,-2.74,0.50,-4.40,-3.61;1
0.06,-8.25,-4.73,0.49,0.38,5.91,-3.72,-0.74,3.19,-10.70;2
-3.76,9.53,4.16,3.21,-6.48,-4.72,-9.59,5.68,1.68,3.55;0
0.29,-2.79,-6.93,8.35,8.32,6.41,-2.91,-9.92,0.42,-1.66;3
3.22,-6.27,-5.64,8.19,8.12,4.65,-3.89,-7.04,5.35,-2.35;3
2.30,-6.63,-9.53,9.01,9.56,4.98,-2.36,-9.42,3.55,-2.49;3
-3.93,8.56,6.86,0.89,-6.78,-10.82,-11.06,7.56,3.86,2.12;0
-0.18,-5.61,-7.78,10.10,9.38,6.02,-3.09,-8.43,0.29,0.52;3
-6.39,-1.69,-8.95,8.67,-6.46,6.38,-2.16,1.72,-1.25,-7.10;4
-6.58,-2.20,-11.10,7.48,-6.55,3.77,-2.18,1.23,2.66,-8.01;4
0.19,-7.46,-10.79,8.68,9.71,4.20,-4.31,-8.58,1.98,-0.08;3
-6.37,5.51,6.63,1.86,-7.68,-5.46,-9.45,7.73,2.06,3.45;0
-1.60,9.53,2.89,1.18,-6.95,-10.32,-7.01,7.58,2.73,3.03;0
-8.72,8.50,5.74,-6.33,-6.57,-7.28,-3.03,1.03,-2.28,-5.01;1
-9.68,8.56,7.47,-7.26,-5.12,-7.29,-5.54,0.73,-3.05,-7.13;1
-9.84,8.69,5.54,-7.12,-7.45,-7.19,-2.00,0.66,-2.23,-1.89;1
3.57,-9.71,-1.94,-3.69,0.18,7.23,-3.77,-0.89,0.45,-9.11;2
1.54,-7.34,-9.17,9.93,9.50,6.48,-2.63,-8.38,2.62,0.03;3
-7.61,-2.82,-11.64,7.77,-6.96,2.67,-4.14,1.13,0.91,-5.97;4
-0.41,-4.62,-7.58,9.58,10.81,4.70,-6.20,-10.47,3.77,-2.28;3
4.60,-7.69,-8.13,8.61,10.02,5.42,-2.95,-6.64,4.47,-1.42;3
-10.31,10.61,7.12,-2.30,-8.28,-8.47,-2.49,-0.46,-3.39,-4.42;1
3.97,-6.88,-1.60,-3.67,1.19,5.28,-6.76,1.48,-0.19,-8.48;2
3.21,-8.33,-9.82,11.34,9.07,5.10,-3.13,-10.38,2.58,-4.38;3
-6.02,-0.01,-8.23,8.11,-3.88,4.03,-2.85,-2.72,0.60,-5.65;4
-3.54,8.67,2.49,4.79,-6.13,-5.79,-11.06,8.00,4.32,4.04;0
-2.44,9.53,1.94,1.96,-6.53,-6.82,-12.01,5.83,0.23,5.62;0
0.04,-5.80,-8.15,9.81,10.36,5.82,-1.16,-7.28,0.32,-2.39;3
1.09,-7.48,-9.65,7.86,9.31,6.63,-2.66,-7.06,1.04,-2.38;3
-2.63,9.38,6.07,2.76,-7.17,-7.18,-8.07,9.23,2.21,3.46;0
-0.97,10.24,6.69,2.26,-6.65,-7.94,-6.74,7.19,1.57,3.57;0
-10.73,11.46,5.59,-7.06,-6.43,-5.85,-4.01,2.47,0.25,-1.62;1
-10.51,8.73,6.33,-3.36,-6.06,-5.91,-4.27,3.00,-0.22,-3.82;1
-8.76,6.20,6.08,-5.79,-6.65,-6.93,-5.15,-1.98,-1.45,-4.81;1
-8.14,-2.34,-10.30,11.63,-4.21,2.07,-2.82,2.02,0.41,-8.40;4
-0.45,8.46,3.00,1.25,-5.20,-3.83,-9.08,7.87,-0.18,4.80;0
0.22,-5.21,-4.02,-5.01,1.65,6.22,-7.18,-2.20,2.19,-10.26;2
1.15,-6.97,-1.59,-2.79,-1.88,2.31,-7.32,1.20,0.75,-8.20;2
-1.74,8.29,4.96,1.39,-8.74,-8.43,-9.64,7.62,2.86,5.64;0
3.42,-4.30,-7.22,9.69,9.45,5.84,-4.76,-5.92,3.45,-2.84;3
-7.66,-0.41,-8.13,10.51,-3.83,3.53,-3.78,2.44,-0.21,-6.30;4
-4.42,-0.17,-8.52,8.61,-5.09,1.95,-4.37,-1.71,1.35,-6.19;4
1.61,-7.56,-4.36,-3.56,0.11,6.61,-4.64,-0.19,2.57,-10.87;2
-4.20,11.43,3.32,-0.90,-6.86,-4.33,-7.96,8.45,2.08,3.93;0
3.01,-6.02,-4.16,0.33,-0.74,4.90,-7.49,-3.65,3.44,-10.38;2
-6.74,-1.50,-8.63,7.79,-3.11,2.96,-0.08,0.41,-3.06,-5.57;4
0.60,-7.31,-9.47,10.75,9.76,4.77,-4.01,-8.20,3.83,-3.07;3
0.95,-8.27,-3.61,-3.70,-0.17,4.88,-8.05,2.49,-0.40,-7.97;2
-9.29,7.74,6.73,-6.12,-7.17,-5.28,-1.59,1.44,-2.41,-5.37;1
2.66,-2.03,-9.15,11.86,7.78,3.53,-1.96,-7.73,3.07,-1.96;3
-2.47,8.47,1.97,2.34,-5.08,-7.05,-7.71,7.37,3.71,2.37;0
1.78,-7.21,-1.66,-2.92,-0.77,4.86,-4.66,-0.07,4.46,-10.04;2
2.32,-5.53,-3.86,-0.43,-1.06,7.57,-6.82,-1.39,1.07,-7.21;2
1.07,-6.50,-5.00,-4.82,0.86,5.75,-6.03,1.90,3.71,-9.39;2
-4.15,8.03,3.80,0.27,-7.98,-5.89,-6.37,8.46,3.98,5.62;0
-11.24,11.10,10.13,-2.28,-5.76,-2.32,-5.44,-0.95,0.73,-4.80;1
-9.04,12.47,6.74,-4.83,-9.00,-6.10,-4.35,-0.16,-2.60,-5.71;1
-11.61,0.89,-7.05,9.10,-5.50,-0.90,-4.90,0.34,1.80,-4.30;4
1.11,-5.48,-9.04,11.33,10.54,7.04,-3.14,-8.09,5.30,-0.10;3
1.86,-7.30,-6.61,8.42,9.20,6.73,-1.12,-11.56,4.17,1.13;3
-9.30,8.36,8.51,-6.64,-5.68,-7.77,-3.96,-1.82,-0.91,-3.98;1
-8.34,0.49,-9.33,10.77,-6.61,2.35,-3.86,2.21,0.40,-6.53;4
-9.11,7.70,7.39,-6.02,-7.87,-6.58,-3.24,1.64,-0.47,-5.87;1
1.49,-7.98,-4.33,-0.57,-2.54,5.25,-7.95,-0.91,-1.40,-11.37;2
1.44,-6.03,-1.63,-1.53,-0.28,5.50,-5.21,-1.10,2.50,-9.63;2
4.88,-8.34,-10.20,9.60,10.10,5.86,-4.83,-6.97,3.66,-2.47;3
-9.45,1.75,-9.65,7.87,-5.96,3.16,-5.03,3.66,-1.71,-6.84;4
-9.88,0.43,-8.27,6.51,-5.86,0.14,-3.05,3.09,0.15,-5.60;4
3.94,-7.93,-8.09,11.31,10.47,7.13,-3.15,-7.26,-0.69,0.70;3
-7.70,0.35,-11.50,8.37,-3.73,0.07,-5.30,-1.38,1.61,-6.10;4
4.25,-9.64,-3.52,-1.92,-0.56,4.79,-6.80,-0.30,1.88,-9.65;2
0.85,-8.25,-2.55,-1.74,-1.33,4.50,-5.11,1.59,1.10,-8.97;2
-2.45,8.74,1.61,2.81,-10.59,-8.72,-11.60,8.75,0.34,1.12;0
-4.30,2.87,-8.77,8.04,-5.93,4.50,-5.03,-0.63,-0.30,-5.25;4
-3.09,8.84,3.79,0.00,-6.83,-5.22,-10.77,9.42,3.85,4.76;0
-7.85,-0.71,-7.28,7.16,-5.90,2.35,-4.35,-1.82,2.06,-7.06;4
-7.40,-1.79,-7.61,7.77,-3.47,5.19,-4.11,1.07,-0.16,-7.24;4
-9.82,9.80,5.58,-3.83,-5.77,-6.49,-3.54,-0.66,0.44,-3.83;1
0.48,-7.50,-4.21,-2.74,-0.77,5.92,-5.08,0.88,-0.91,-10.35;2
1.90,-7.38,-1.73,-2.27,2.97,7.06,-5.14,1.62,1.48,-7.98;2
-0.08,7.80,5.35,1.98,-5.54,-8.53,-11.07,5.48,-0.27,3.56;0
3.32,-7.37,-11.35,7.17,8.45,6.84,-6.52,-10.70,3.69,1.25;3
-4.99,-0.35,-6.95,7.67,-2.32,4.76,-5.75,0.11,3.39,-5.99;4
-4.60,6.90,7.00,0.69,-7.62,-7.59,-8.07,6.84,2.19,4.29;0
2.18,-6.30,-3.03,-1.63,-2.24,3.69,-5.99,1.99,3.89,-8.72;2
3.10,-3.25,-2.96,-4.53,-0.58,6.63,-7.01,1.68,3.84,-9.63;2
-0.57,-6.72,-9.88,7.62,10.60,6.83,-5.66,-6.13,0.16,-3.39;3
-0.18,-8.93,-7.05,9.11,10.47,6.89,-5.01,-11.18,4.26,1.01;3
-2.12,10.18,4.96,5.01,-6.62,-5.39,-9.32,5.96,3.10,4.03;0
-4.12,8.27,4.03,2.47,-4.73,-5.79,-9.92,6.63,0.81,5.53;0
-8.01,-2.14,-12.18,7.96,-3.98,3.70,-3.33,-0.23,2.49,-8.84;4
-8.91,9.24,6.33,-5.79,-5.03,-6.37,-2.61,0.45,-2.38,-3.66;1
4.44,-6.77,-3.07,-6.81,1.08,5.25,-6.93,1.57,1.23,-8.91;2
0.36,-7.74,-7.71,7.07,9.86,5.18,-5.16,-8.01,3.34,-1.62;3
-4.06,7.92,6.93,2.47,-8.25,-5.72,-7.59,6.75,3.46,5.67;0
2.96,-7.87,-4.63,-3.40,-2.36,6.22,-5.92,-0.18,2.07,-9.21;2
-7.21,-0.92,-9.72,7.25,-1.64,4.42,-4.69,0.25,-1.27,-7.02;4
-10.54,6.88,7.29,-4.85,-6.00,-7.79,-5.00,0.29,-2.41,-4.99;1
-1.56,7.25,3.63,3.86,-7.72,-5.20,-8.13,7.40,0.97,4.02;0
-2.59,10.51,4.29,4.40,-6.13,-7.23,-8.49,5.74,1.68,3.89;0
3.86,-7.36,-4.52,-1.32,0.49,4.76,-5.07,-1.03,1.20,-7.68;2
3.93,-5.63,-9.26,7.76,8.53,5.48,-3.57,-9.12,0.76,-2.41;3
0.83,-5.46,-7.61,11.22,7.82,5.32,-4.90,-10.02,1.40,1.19;3
1.41,-9.06,-5.14,-3.16,-3.05,3.05,-7.95,0.96,1.51,-9.74;2
0.45,-6.95,-3.11,-2.51,0.09,4.58,-5.93,-0.39,2.62,-6.05;2
-8.74,-1.41,-10.06,10.05,-6.92,3.49,-2.57,3.19,0.78,-7.31;4
2.43,-6.84,-5.82,-1.58,-2.10,7.03,-6.25,-1.18,-0.93,-9.90;2
-1.86,7.26,7.40,1.06,-7.64,-6.01,-6.39,5.39,1.33,5.60;0
2.44,-4.60,-5.60,-0.18,-2.85,4.81,-9.21,1.91,2.14,-8.13;2
3.80,-9.81,-7.07,8.39,8.21,6.51,-1.93,-8.91,5.47,0.16;3
1.02,-6.17,-7.85,-1.83,-0.93,4.27,-5.73,-1.03,0.67,-9.51;2
1.76,-8.05,-5.87,8.30,10.25,5.21,-5.32,-8.30,3.75,-2.62;3
-6.68,9.75,9.10,-10.49,-6.11,-6.67,-4.05,0.65,-2.15,-5.75;1
-8.64,-1.17,-7.91,8.63,-5.26,0.85,-2.77,-0.87,-0.70,-5.06;4
-1.24,11.02,3.14,0.74,-5.35,-7.29,-7.05,7.27,2.86,3.16;0
0.20,-7.64,-5.77,-2.46,-0.62,3.77,-7.26,2.35,0.99,-9.03;2
-1.72,8.84,3.49,1.59,-6.17,-8.05,-10.69,6.60,1.95,6.21;0
0.00,-3.03,-7.82,9.61,9.84,7.25,-4.99,-4.43,5.41,0.43;3
-5.86,0.32,-9.42,7.24,-2.72,4.04,-2.48,-1.53,-0.87,-1.73;4
4.88,-5.44,-8.18,10.70,9.06,6.66,-5.22,-8.49,5.09,-1.00;3
-9.60,4.99,7.85,-5.58,-6.03,-9.41,-5.20,1.46,-2.33,-4.28;1
-2.49,7.68,5.83,0.20,-6.62,-6.04,-9.18,5.76,1.82,2.56;0
-9.63,7.91,7.38,-8.84,-4.81,-5.41,-4.25,1.29,-3.39,-0.99;1
-10.46,9.72,6.41,-7.22,-6.63,-7.00,-3.33,-0.50,-2.04,-5.14;1
-3.14,6.31,3.11,0.36,-7.62,-3.30,-7.45,8.05,3.82,6.91;0
-9.52,10.47,10.27,-3.70,-7.63,-6.89,-3.33,1.12,-3.53,-2.31;1
-2.53,6.93,4.85,1.28,-5.14,-6.40,-9.29,7.91,4.84,5.47;0
0.87,-5.45,-9.00,9.42,9.91,5.94,-3.81,-7.35,3.66,-4.94;3
-1.83,8.68,5.62,4.23,-4.05,-6.60,-7.17,9.73,2.11,4.94;0
-4.34,-1.67,-9.14,8.22,-3.15,4.21,-3.68,-0.97,1.54,-8.03;4
-1.35,7.89,4.97,4.01,-9.16,-7.12,-8.41,7.34,3.30,1.91;0
1.89,-6.29,-3.48,-2.91,-0.94,5.27,-5.39,1.48,-0.93,-6.58;2
-1.51,10.20,4.93,3.70,-6.47,-6.74,-12.34,5.76,3.61,2.75;0
-7.72,7.25,6.57,-2.55,-5.83,-7.70,-2.60,1.36,-2.94,-4.00;1
3.87,-7.63,-4.43,-2.37,0.81,3.98,-7.27,-0.03,4.01,-8.78;2
3.22,-7.17,-11.96,9.20,7.74,6.46,-3.35,-8.79,2.81,-3.53;3
2.61,-3.23,-10.42,8.94,9.02,6.12,-2.93,-7.81,4.11,-0.74;3
-2.13,8.52,6.23,2.87,-5.98,-7.29,-10.18,5.81,2.18,4.17;0
-3.86,6.93,2.83,-0.15,-7.22,-7.68,-9.07,8.17,0.11,6.59;0
4.04,-6.12,-9.57,10.04,8.92,5.79,-2.00,-7.52,5.57,-1.40;3
-1.92,8.13,6.45,2.74,-8.52,-9.13,-10.67,6.94,2.78,5.09;0
2.13,-9.92,-5.98,-3.42,-3.08,7.59,-7.28,1.08,2.37,-11.95;2
-8.46,6.64,8.29,-5.10,-6.93,-7.86,-3.34,-1.13,0.51,-3.48;1
-8.06,1.52,-8.34,8.23,-6.05,2.15,-4.10,2.45,0.67,-4.10;4
-10.24,9.05,7.28,-7.99,-6.85,-4.46,-1.79,1.67,-1.37,-6.58;1
3.84,-6.92,-2.72,-4.53,0.56,5.88,-5.72,0.40,2.08,-11.13;2
0.07,-8.94,-5.10,-3.33,-2.30,6.55,-7.97,-1.18,2.15,-8.59;2
-9.49,7.82,6.95,-7.04,-6.68,-5.44,-1.16,-2.21,-0.12,-3.23;1
-6.87,-1.61,-6.37,7.75,-3.51,2.59,-0.33,1.00,-0.52,-6.27;4
-11.73,11.05,8.41,-4.36,-6.74,-4.93,-3.42,4.03,-1.86,-3.57;1
-8.36,0.15,-6.83,8.11,-3.81,6.04,-4.73,3.35,3.61,-5.14;4
1.45,-6.14,-8.97,9.13,9.80,6.88,-5.33,-8.93,3.29,-3.84;3
4.41,-4.05,-3.83,-2.12,-0.41,3.92,-5.74,-0.36,1.42,-8.55;2
-11.71,9.82,8.96,-3.07,-9.52,-6.71,-6.28,2.98,0.37,-5.49;1
-8.59,7.07,7.32,-6.55,-8.39,-7.43,-3.64,0.11,-2.37,-4.56;1
-7.60,0.47,-9.16,5.56,-1.83,2.04,-5.21,3.55,1.95,-4.99;4
1.97,-6.20,-3.32,-2.87,-1.42,2.93,-6.61,-0.45,1.01,-9.61;2
-8.81,7.51,4.02,-5.01,-6.66,-5.36,-4.00,2.48,0.02,-4.95;1
0.97,-7.30,-8.97,9.93,9.87,8.16,-3.38,-9.15,6.01,-2.78;3
3.84,-4.27,-7.02,8.57,8.56,6.88,-3.88,-6.48,3.22,-3.05;3
-1.05,-6.69,-8.88,7.30,8.39,5.81,-4.60,-9.74,3.49,2.21;3
3.18,-3.99,-8.70,6.50,7.01,7.58,-3.96,-6.80,4.82,-2.31;3
2.15,-8.09,-7.60,-1.05,0.05,6.31,-6.90,2.62,2.47,-11.33;2
1.99,-6.87,-9.95,8.55,8.47,4.79,-5.37,-5.54,2.40,0.27;3
-4.44,10.65,6.61,1.75,-6.52,-6.29,-8.25,5.98,2.26,4.55;0
-12.07,10.54,4.69,-7.09,-6.27,-8.89,-2.71,1.48,-0.79,-7.10;1
-8.83,10.14,8.45,-2.23,-4.52,-5.85,-4.38,3.28,-1.73,-5.33;1
-9.47,8.71,5.84,-7.73,-4.76,-5.85,-6.56,-0.66,-1.63,-2.68;1
-9.75,8.98,2.37,-8.24,-1.18,-5.38,-4.07,-0.35,-1.18,-4.29;1
-10.24,10.06,6.20,-7.08,-6.91,-6.90,-3.79,-2.65,-0.42,-4.18;1
0.80,-7.20,-4.42,-3.94,-4.31,4.74,-6.51,0.86,1.82,-5.43;2
-0.91,8.95,4.97,-0.47,-5.05,-9.51,-6.26,10.06,-1.81,6.50;0
5.47,-5.69,-7.58,9.65,8.04,7.31,-3.90,-7.46,6.79,-2.87;3
-9.47,10.56,5.23,-3.77,-6.40,-4.18,-5.85,-1.10,-1.37,-4.78;1
-9.17,-2.32,-9.84,7.87,-6.31,4.19,-5.42,-0.66,-0.76,-7.08;4
-2.37,-5.44,-10.62,10.96,8.62,6.18,-4.72,-4.38,4.56,-1.20;3
1.67,-5.53,-7.91,8.30,12.28,8.50,-5.26,-5.72,3.20,-2.22;3
-2.48,7.41,4.43,1.45,-5.27,-6.31,-9.26,9.91,1.62,5.00;0
-1.82,-6.74,-7.44,7.90,9.81,5.80,-6.07,-6.69,2.58,-1.96;3
-10.26,11.77,9.15,-7.63,-5.17,-6.07,-3.86,0.86,-1.32,-5.77;1
2.01,-5.44,-3.47,-4.82,1.51,7.75,-7.48,0.74,1.47,-9.97;2
-10.46,-0.94,-8.79,10.54,-3.08,2.94,-2.31,-1.23,1.93,-6.16;4
1.41,-6.59,-7.66,9.01,9.36,2.07,-3.06,-10.77,2.92,-1.42;3
3.01,-7.27,-9.10,9.10,8.00,6.31,-2.57,-8.63,3.67,-1.69;3
2.50,-6.68,-8.12,9.08,11.04,8.45,-4.44,-6.87,1.87,-2.29;3
-1.76,8.05,6.22,1.12,-5.22,-5.69,-12.15,8.53,2.37,6.16;0
-9.34,11.04,6.25,-6.77,-5.80,-5.12,-6.39,1.61,-2.22,-5.81;1
-8.99,6.55,4.59,-5.50,-9.09,-4.25,-5.07,-0.08,1.28,-4.95;1
1.26,-5.20,-9.59,7.93,8.74,5.30,-8.57,-7.38,4.73,0.89;3
-3.96,10.78,4.60,1.38,-7.61,-9.16,-7.19,7.14,0.98,5.07;0
-0.30,-7.21,0.45,-5.15,-0.68,4.57,-4.60,-0.52,0.86,-6.71;2
1.66,-7.78,-8.49,7.69,9.60,6.73,-3.73,-7.99,4.17,-2.73;3
-8.64,8.99,7.22,-3.49,-7.98,-2.73,-5.64,0.60,-1.02,-3.08;1
-8.04,1.83,-7.78,10.17,-6.96,3.30,-1.23,1.19,-2.40,-7.71;4
3.89,-7.86,-11.01,8.86,6.66,5.27,-4.01,-9.88,3.59,-2.17;3
1.08,-5.96,-9.84,10.50,6.84,6.58,-4.65,-6.59,4.78,-2.69;3
-11.26,-2.04,-7.93,7.12,-3.88,2.38,-1.52,1.28,2.65,-6.77;4
-1.78,10.60,5.59,1.54,-6.58,-8.12,-6.90,8.68,0.12,4.67;0
1.25,-6.42,-0.52,-2.77,-0.39,5.12,-5.84,-1.50,-1.42,-8.80;2
-0.57,8.81,4.99,4.25,-6.09,-6.10,-8.14,7.57,1.45,4.88;0
-1.12,7.45,4.28,2.40,-8.16,-9.89,-10.57,7.23,1.65,4.13;0
-8.26,8.56,6.17,-4.94,-8.22,-4.53,-4.56,0.04,-1.03,-2.41;1
0.98,-7.04,-8.46,11.39,8.43,6.39,-3.90,-6.75,3.26,-0.35;3
-8.39,1.43,-11.52,8.75,-5.75,3.50,-0.45,0.09,0.24,-5.82;4
0.88,-7.77,-4.32,-3.01,-0.38,3.31,-4.72,4.21,1.49,-6.83;2
-0.29,-5.87,-5.97,-3.65,-0.19,5.57,-7.51,-2.25,3.31,-11.73;2
-9.34,-1.90,-9.10,8.36,-4.22,2.59,-5.70,-0.25,3.68,-5.04;4
2.14,-9.57,-4.12,-3.71,-3.28,5.47,-3.74,1.44,3.18,-9.65;2
-10.09,-1.83,-12.13,7.48,-7.26,2.92,-4.73,-1.88,-0.53,-6.26;4
-4.87,9.00,5.07,2.79,-8.35,-4.14,-7.03,8.91,-1.60,4.02;0
-1.66,9.66,-0.28,2.44,-5.31,-7.58,-11.10,6.57,2.23,6.83;0
3.86,-7.80,-6.74,7.56,9.47,4.76,-2.70,-6.79,3.12,-0.36;3
1.78,-5.15,-2.59,-4.01,-2.88,4.71,-6.06,0.18,1.07,-6.60;2
3.57,-8.14,-9.89,7.15,11.10,6.31,-4.73,-9.90,1.61,-2.97;3
3.55,-6.90,-6.53,8.49,8.32,6.62,-4.55,-5.89,3.83,-0.17;3
5.15,-6.77,-2.67,-1.49,2.73,4.85,-4.52,1.64,-0.36,-9.00;2
-3.32,9.92,3.72,1.01,-7.06,-5.98,-8.13,8.73,2.73,6.34;0
1.23,-7.06,-2.82,-2.51,-1.09,7.17,-5.51,-0.69,-0.08,-8.71;2
1.29,-6.48,-2.90,-1.08,-1.86,3.57,-7.66,-0.28,0.09,-7.65;2
5.76,-9.12,-7.78,9.20,10.77,8.13,-3.32,-8.73,2.64,-1.29;3
4.47,-9.57,-7.19,6.89,10.23,6.78,-4.95,-9.40,3.07,0.20;3
3.12,-6.61,-10.34,8.85,8.46,8.71,-6.36,-5.87,1.45,-1.23;3
-10.34,3.79,-8.61,9.65,-4.55,4.91,-3.59,2.29,2.19,-7.19;4
3.41,-6.29,-9.12,6.79,6.56,5.86,-5.99,-8.14,2.77,-2.64;3
2.12,-5.61,-2.98,-0.95,0.43,6.76,-5.37,-1.23,2.27,-9.86;2
1.97,-6.43,-5.41,-4.68,0.52,6.93,-5.56,0.90,2.47,-7.53;2
-10.29,9.40,7.64,-4.44,-7.72,-5.77,-3.73,2.52,1.11,-4.03;1
5.25,-8.34,-5.86,-3.09,-2.67,5.77,-4.47,2.01,0.73,-7.43;2
1.55,-7.96,-10.75,11.16,10.35,5.38,-5.38,-9.51,5.54,0.50;3
-11.28,7.96,6.33,-5.96,-7.91,-6.02,-3.26,-1.32,-2.82,-1.93;1
3.63,-6.13,-9.34,8.00,9.69,5.90,-2.42,-7.07,4.96,-1.09;3
1.69,-5.27,-10.24,3.74,9.42,6.34,-5.36,-7.08,5.39,-2.11;3
-6.99,0.01,-9.89,9.89,-4.07,4.73,-2.60,-1.20,2.69,-4.08;4
2.50,-5.75,-9.93,8.40,10.90,7.80,-4.36,-10.21,4.01,0.42;3
-7.93,6.65,5.02,-4.13,-7.69,-6.93,-4.78,-0.37,-1.43,-4.28;1
2.60,-8.64,-3.71,-2.87,-2.06,6.62,-5.83,0.75,3.95,-10.45;2
-8.78,-1.39,-10.83,8.63,-5.16,3.40,-1.47,-1.46,1.83,-5.93;4
2.74,-8.49,-8.19,8.55,10.37,7.65,-2.33,-8.46,3.99,-1.14;3
-7.92,-1.70,-10.72,7.00,-2.72,2.87,-3.84,1.29,0.99,-6.99;4
3.95,-8.78,-0.36,0.33,-1.60,5.63,-7.35,-1.48,0.44,-7.31;2
1.66,-4.20,-5.54,-6.06,1.31,2.95,-4.78,0.20,0.79,-9.10;2
-7.97,2.05,-9.07,9.14,-5.16,2.74,-1.81,2.32,-2.17,-6.26;4
-9.72,11.86,7.77,-4.98,-7.15,-8.25,-1.85,0.46,-3.21,-3.30;1
-3.88,7.74,3.50,1.45,-6.83,-6.26,-10.07,5.29,2.61,5.40;0
1.89,-5.74,-9.21,7.45,10.09,8.12,-4.91,-8.96,3.70,-0.51;3
-8.67,7.05,6.74,-6.40,-4.39,-6.86,-6.20,0.03,-1.75,-4.04;1
-4.51,10.77,2.44,0.97,-8.38,-9.51,-8.70,10.03,6.02,4.31;0
0.96,-4.35,-9.00,9.29,9.93,5.56,-3.17,-3.65,1.66,-2.83;3
-8.09,9.22,8.66,-5.09,-4.83,-8.67,-6.32,1.18,-1.07,-5.09;1
-1.49,7.99,6.64,2.91,-8.28,-4.33,-8.59,6.24,3.68,4.90;0
3.33,-5.08,-9.61,8.67,5.47,4.32,-5.16,-7.68,5.18,-3.04;3
3.48,-6.81,-7.41,9.14,9.94,6.22,-3.14,-5.04,4.52,-3.26;3
2.31,-3.94,-4.65,-4.04,1.27,7.87,-7.76,0.60,0.00,-7.20;2
1.19,-6.62,-9.97,8.06,10.61,6.08,-2.44,-6.08,2.57,0.25;3
-10.93,7.84,3.21,-3.01,-3.69,-5.02,-4.98,1.76,-1.11,-6.29;1
-2.20,8.13,4.52,1.14,-9.34,-7.67,-7.75,6.75,2.79,4.15;0
-2.01,9.65,3.55,2.87,-8.08,-7.82,-7.47,6.61,5.79,3.88;0
-11.07,8.41,6.10,-3.83,-6.35,-8.37,-3.59,0.16,-0.65,-3.23;1
-9.21,-3.24,-9.40,8.75,-6.44,1.28,-4.69,1.58,-0.67,-4.24;4
-8.59,1.20,-11.20,6.57,-2.33,4.07,0.03,-1.43,2.26,-6.52;4
-9.41,-0.01,-9.87,8.18,-5.65,5.12,-4.26,2.13,2.11,-6.14;4
3.92,-6.94,-9.42,8.60,6.47,6.61,-1.62,-7.17,6.02,-1.52;3
3.39,-6.60,-3.93,-1.42,-1.02,8.68,-6.63,-2.84,-0.20,-11.82;2
-0.16,8.57,8.64,0.70,-6.17,-5.64,-12.59,9.99,3.14,1.92;0
3.19,-6.94,-10.12,9.36,9.11,4.65,-4.88,-5.08,5.37,-2.79;3
2.57,-7.00,-3.17,-2.76,-4.10,6.46,-5.05,-0.97,1.81,-7.88;2
6.00,-8.54,-6.62,-3.00,-1.59,6.17,-6.68,1.59,-0.38,-12.52;2